empresa|antiguedad|mercado|anio|mes|dia|hora|minuto|volumen|high|low|close|open|industria|Insider Own|Quick Ratio|Current Ratio|P/E|Dividend %|Employees|geo|Debt/Eq|LT Debt/Eq|EPS next Y|Earnings|sector|Inst Own|Market Cap
MASI|0|NASDAQ|2020|03|25|14|30|641500|169.990005|153.009995|159.809998|156.529999|medicalinstrumentssupplies|0.7|5.1|5.8|52.09|-|1600|usa|0|0|14.45|Feb 19 AMC|healthcare|85|9449.999023
MASI|1|NASDAQ|2020|03|24|14|30|541700|158.449997|150.059998|155.399994|153.160004|medicalinstrumentssupplies|0.7|5.1|5.8|52.09|-|1600|usa|0|0|14.45|Feb 19 AMC|healthcare|85|9449.999023
MASI|2|NASDAQ|2020|03|23|14|30|574000|154.300003|144.070007|148.380005|154.300003|medicalinstrumentssupplies|0.7|5.1|5.8|52.09|-|1600|usa|0|0|14.45|Feb 19 AMC|healthcare|85|9449.999023
MASI|3|NASDAQ|2020|03|20|14|30|745700|172.220001|150.600006|155.100006|165|medicalinstrumentssupplies|0.7|5.1|5.8|52.09|-|1600|usa|0|0|14.45|Feb 19 AMC|healthcare|85|9449.999023
MASI|4|NASDAQ|2020|03|19|14|30|641400|171.309998|151.330002|164.389999|159.399994|medicalinstrumentssupplies|0.7|5.1|5.8|52.09|-|1600|usa|0|0|14.45|Feb 19 AMC|healthcare|85|9449.999023
MASI|5|NASDAQ|2020|03|18|14|30|777500|169.610001|143.899994|161.380005|168.259995|medicalinstrumentssupplies|0.7|5.1|5.8|52.09|-|1600|usa|0|0|14.45|Feb 19 AMC|healthcare|85|9449.999023
MASI|6|NASDAQ|2020|03|17|14|30|804000|178.949997|167.240005|172.699997|176.929993|medicalinstrumentssupplies|0.7|5.1|5.8|52.09|-|1600|usa|0|0|14.45|Feb 19 AMC|healthcare|85|9449.999023
MASI|7|NASDAQ|2020|03|16|14|30|852800|180.460007|168.639999|174.190002|174.839996|medicalinstrumentssupplies|0.7|5.1|5.8|52.09|-|1600|usa|0|0|14.45|Feb 19 AMC|healthcare|85|9449.999023
MASI|8|NASDAQ|2020|03|13|14|30|658400|187.160004|175.929993|186.779999|179.419998|medicalinstrumentssupplies|0.7|5.1|5.8|52.09|-|1600|usa|0|0|14.45|Feb 19 AMC|healthcare|85|9449.999023
MASI|9|NASDAQ|2020|03|12|14|30|1016400|187.850006|159.160004|179.419998|172.300003|medicalinstrumentssupplies|0.7|5.1|5.8|52.09|-|1600|usa|0|0|14.45|Feb 19 AMC|healthcare|85|9449.999023
MASI|10|NASDAQ|2020|03|11|14|30|885000|185.570007|177.160004|182.639999|178.580002|medicalinstrumentssupplies|0.7|5.1|5.8|52.09|-|1600|usa|0|0|14.45|Feb 19 AMC|healthcare|85|9449.999023
MASI|11|NASDAQ|2020|03|10|14|30|644400|182.440002|172.199997|182.410004|173.490005|medicalinstrumentssupplies|0.7|5.1|5.8|52.09|-|1600|usa|0|0|14.45|Feb 19 AMC|healthcare|85|9449.999023
MASI|12|NASDAQ|2020|03|09|14|30|463700|176.779999|168.800003|173.320007|170|medicalinstrumentssupplies|0.7|5.1|5.8|52.09|-|1600|usa|0|0|14.45|Feb 19 AMC|healthcare|85|9449.999023
MASI|13|NASDAQ|2020|03|06|15|30|642200|180.710007|171.229996|180|173.360001|medicalinstrumentssupplies|0.7|5.1|5.8|52.09|-|1600|usa|0|0|14.45|Feb 19 AMC|healthcare|85|9449.999023
MASI|14|NASDAQ|2020|03|05|15|30|320200|181.970001|176.330002|178.679993|179.210007|medicalinstrumentssupplies|0.7|5.1|5.8|52.09|-|1600|usa|0|0|14.45|Feb 19 AMC|healthcare|85|9449.999023
MASI|15|NASDAQ|2020|03|04|15|30|477900|182.619995|173.350006|182.25|174.410004|medicalinstrumentssupplies|0.7|5.1|5.8|52.09|-|1600|usa|0|0|14.45|Feb 19 AMC|healthcare|85|9449.999023
MASI|16|NASDAQ|2020|03|03|15|30|545900|180.809998|168.169998|171.199997|177.860001|medicalinstrumentssupplies|0.7|5.1|5.8|52.09|-|1600|usa|0|0|14.45|Feb 19 AMC|healthcare|85|9449.999023
MASI|17|NASDAQ|2020|03|02|15|30|553900|178.429993|165.449997|178.059998|165.800003|medicalinstrumentssupplies|0.7|5.1|5.8|52.09|-|1600|usa|0|0|14.45|Feb 19 AMC|healthcare|85|9449.999023
MASI|18|NASDAQ|2020|02|28|15|30|573500|165.610001|159.300003|163.330002|162.539993|medicalinstrumentssupplies|0.7|5.1|5.8|52.09|-|1600|usa|0|0|14.45|Feb 19 AMC|healthcare|85|9449.999023
MASI|19|NASDAQ|2020|02|27|15|30|595800|170.570007|162.509995|167.160004|164.360001|medicalinstrumentssupplies|0.7|5.1|5.8|52.09|-|1600|usa|0|0|14.45|Feb 19 AMC|healthcare|85|9449.999023
MASI|20|NASDAQ|2020|02|26|15|30|273800|173.440002|167.149994|167.410004|169|medicalinstrumentssupplies|0.7|5.1|5.8|52.09|-|1600|usa|0|0|14.45|Feb 19 AMC|healthcare|85|9449.999023
MASI|21|NASDAQ|2020|02|25|15|30|513700|175.100006|167.759995|168.850006|174.160004|medicalinstrumentssupplies|0.7|5.1|5.8|52.09|-|1600|usa|0|0|14.45|Feb 19 AMC|healthcare|85|9449.999023
MASI|22|NASDAQ|2020|02|24|15|30|574200|174.600006|170.589996|173.279999|172.619995|medicalinstrumentssupplies|0.7|5.1|5.8|52.09|-|1600|usa|0|0|14.45|Feb 19 AMC|healthcare|85|9449.999023
MASI|23|NASDAQ|2020|02|21|15|30|373300|181.610001|176.149994|178.369995|181.490005|medicalinstrumentssupplies|0.7|5.1|5.8|52.09|-|1600|usa|0|0|14.45|Feb 19 AMC|healthcare|85|9449.999023
MASI|24|NASDAQ|2020|02|20|15|30|410100|186.910004|179.279999|181.809998|180.199997|medicalinstrumentssupplies|0.7|5.1|5.8|52.09|-|1600|usa|0|0|14.45|Feb 19 AMC|healthcare|85|9449.999023
MASI|25|NASDAQ|2020|02|19|15|30|942600|183.25|178.460007|182.229996|182.320007|medicalinstrumentssupplies|0.7|5.1|5.8|52.09|-|1600|usa|0|0|14.45|Feb 19 AMC|healthcare|85|9449.999023
MASI|26|NASDAQ|2020|02|18|15|30|600300|184.240005|181.130005|181.490005|184.240005|medicalinstrumentssupplies|0.7|5.1|5.8|52.09|-|1600|usa|0|0|14.45|Feb 19 AMC|healthcare|85|9449.999023
MASI|27|NASDAQ|2020|02|14|15|30|502300|184.449997|181.979996|183.570007|184.119995|medicalinstrumentssupplies|0.7|5.1|5.8|52.09|-|1600|usa|0|0|14.45|Feb 19 AMC|healthcare|85|9449.999023
MASI|28|NASDAQ|2020|02|13|15|30|234400|184.389999|180.960007|183.960007|180.960007|medicalinstrumentssupplies|0.7|5.1|5.8|52.09|-|1600|usa|0|0|14.45|Feb 19 AMC|healthcare|85|9449.999023
MASI|29|NASDAQ|2020|02|12|15|30|346600|181.940002|178.839996|181.759995|180.899994|medicalinstrumentssupplies|0.7|5.1|5.8|52.09|-|1600|usa|0|0|14.45|Feb 19 AMC|healthcare|85|9449.999023
MASI|30|NASDAQ|2020|02|11|15|30|206200|180.990005|179.300003|180.880005|179.699997|medicalinstrumentssupplies|0.7|5.1|5.8|52.09|-|1600|usa|0|0|14.45|Feb 19 AMC|healthcare|85|9449.999023
MASI|31|NASDAQ|2020|02|10|15|30|443700|179|174.970001|178.710007|175.070007|medicalinstrumentssupplies|0.7|5.1|5.8|52.09|-|1600|usa|0|0|14.45|Feb 19 AMC|healthcare|85|9449.999023
MASI|32|NASDAQ|2020|02|07|15|30|220800|175.779999|174.039993|175.350006|174.990005|medicalinstrumentssupplies|0.7|5.1|5.8|52.09|-|1600|usa|0|0|14.45|Feb 19 AMC|healthcare|85|9449.999023
MASI|33|NASDAQ|2020|02|06|15|30|348300|176.220001|174.059998|175.399994|175.669998|medicalinstrumentssupplies|0.7|5.1|5.8|52.09|-|1600|usa|0|0|14.45|Feb 19 AMC|healthcare|85|9449.999023
MASI|34|NASDAQ|2020|02|05|15|30|175700|177.509995|174.559998|175.270004|177.509995|medicalinstrumentssupplies|0.7|5.1|5.8|52.09|-|1600|usa|0|0|14.45|Feb 19 AMC|healthcare|85|9449.999023
MASI|35|NASDAQ|2020|02|04|15|30|203900|176.059998|173.770004|175.610001|175.080002|medicalinstrumentssupplies|0.7|5.1|5.8|52.09|-|1600|usa|0|0|14.45|Feb 19 AMC|healthcare|85|9449.999023
MASI|36|NASDAQ|2020|02|03|15|30|352400|174.960007|172.050003|173.009995|172.25|medicalinstrumentssupplies|0.7|5.1|5.8|52.09|-|1600|usa|0|0|14.45|Feb 19 AMC|healthcare|85|9449.999023
MASI|37|NASDAQ|2020|01|31|15|30|426200|172.5|168.960007|170.600006|172.149994|medicalinstrumentssupplies|0.7|5.1|5.8|52.09|-|1600|usa|0|0|14.45|Feb 19 AMC|healthcare|85|9449.999023
MASI|38|NASDAQ|2020|01|30|15|30|140400|172.449997|170|172.25|170.330002|medicalinstrumentssupplies|0.7|5.1|5.8|52.09|-|1600|usa|0|0|14.45|Feb 19 AMC|healthcare|85|9449.999023
MASI|39|NASDAQ|2020|01|29|15|30|206200|172.300003|169.449997|171.570007|169.539993|medicalinstrumentssupplies|0.7|5.1|5.8|52.09|-|1600|usa|0|0|14.45|Feb 19 AMC|healthcare|85|9449.999023
MASI|40|NASDAQ|2020|01|28|15|30|167200|170.339996|168.369995|169.910004|168.369995|medicalinstrumentssupplies|0.7|5.1|5.8|52.09|-|1600|usa|0|0|14.45|Feb 19 AMC|healthcare|85|9449.999023
MASI|41|NASDAQ|2020|01|27|15|30|247400|168.770004|165.389999|167.720001|166.330002|medicalinstrumentssupplies|0.7|5.1|5.8|52.09|-|1600|usa|0|0|14.45|Feb 19 AMC|healthcare|85|9449.999023
MASI|42|NASDAQ|2020|01|24|15|30|236400|170.490005|168.369995|169.080002|170.110001|medicalinstrumentssupplies|0.7|5.1|5.8|52.09|-|1600|usa|0|0|14.45|Feb 19 AMC|healthcare|85|9449.999023
MASI|43|NASDAQ|2020|01|23|15|30|532100|170.919998|168.199997|170|170.460007|medicalinstrumentssupplies|0.7|5.1|5.8|52.09|-|1600|usa|0|0|14.45|Feb 19 AMC|healthcare|85|9449.999023
MASI|44|NASDAQ|2020|01|22|15|30|328200|175.25|170.350006|171.059998|174|medicalinstrumentssupplies|0.7|5.1|5.8|52.09|-|1600|usa|0|0|14.45|Feb 19 AMC|healthcare|85|9449.999023
MASI|45|NASDAQ|2020|01|21|15|30|1067200|174.25|169.199997|173.679993|169.429993|medicalinstrumentssupplies|0.7|5.1|5.8|52.09|-|1600|usa|0|0|14.45|Feb 19 AMC|healthcare|85|9449.999023
MASI|46|NASDAQ|2020|01|17|15|30|321700|170.779999|168.490005|169.740005|170.289993|medicalinstrumentssupplies|0.7|5.1|5.8|52.09|-|1600|usa|0|0|14.45|Feb 19 AMC|healthcare|85|9449.999023
MASI|47|NASDAQ|2020|01|16|15|30|278900|170.100006|166.919998|169.830002|166.919998|medicalinstrumentssupplies|0.7|5.1|5.8|52.09|-|1600|usa|0|0|14.45|Feb 19 AMC|healthcare|85|9449.999023
MASI|48|NASDAQ|2020|01|15|15|30|343100|167.869995|164.419998|167.220001|164.419998|medicalinstrumentssupplies|0.7|5.1|5.8|52.09|-|1600|usa|0|0|14.45|Feb 19 AMC|healthcare|85|9449.999023
MASI|49|NASDAQ|2020|01|14|15|30|713600|165.470001|160.660004|164.029999|164.149994|medicalinstrumentssupplies|0.7|5.1|5.8|52.09|-|1600|usa|0|0|14.45|Feb 19 AMC|healthcare|85|9449.999023
MASI|50|NASDAQ|2020|01|13|15|30|296700|165.479996|164.029999|165|164.350006|medicalinstrumentssupplies|0.7|5.1|5.8|52.09|-|1600|usa|0|0|14.45|Feb 19 AMC|healthcare|85|9449.999023
MASI|51|NASDAQ|2020|01|10|15|30|304400|165.169998|163|164.460007|163.399994|medicalinstrumentssupplies|0.7|5.1|5.8|52.09|-|1600|usa|0|0|14.45|Feb 19 AMC|healthcare|85|9449.999023
MASI|52|NASDAQ|2020|01|09|15|30|348100|163.570007|159.820007|162.630005|160.240005|medicalinstrumentssupplies|0.7|5.1|5.8|52.09|-|1600|usa|0|0|14.45|Feb 19 AMC|healthcare|85|9449.999023
MASI|53|NASDAQ|2020|01|08|15|30|760900|159.990005|158.389999|158.990005|158.389999|medicalinstrumentssupplies|0.7|5.1|5.8|52.09|-|1600|usa|0|0|14.45|Feb 19 AMC|healthcare|85|9449.999023
MASI|54|NASDAQ|2020|01|07|15|30|362000|159.139999|156.910004|157.910004|158.179993|medicalinstrumentssupplies|0.7|5.1|5.8|52.09|-|1600|usa|0|0|14.45|Feb 19 AMC|healthcare|85|9449.999023
MASI|55|NASDAQ|2020|01|06|15|30|217500|158.679993|155.669998|158.320007|156.309998|medicalinstrumentssupplies|0.7|5.1|5.8|52.09|-|1600|usa|0|0|14.45|Feb 19 AMC|healthcare|85|9449.999023
MASI|56|NASDAQ|2020|01|03|15|30|164700|158.360001|156.240005|157.600006|156.75|medicalinstrumentssupplies|0.7|5.1|5.8|52.09|-|1600|usa|0|0|14.45|Feb 19 AMC|healthcare|85|9449.999023
MASI|57|NASDAQ|2020|01|02|15|30|325300|158.660004|156.529999|158.580002|158.100006|medicalinstrumentssupplies|0.7|5.1|5.8|52.09|-|1600|usa|0|0|14.45|Feb 19 AMC|healthcare|85|9449.999023
MASI|58|NASDAQ|2019|12|31|15|30|195400|158.990005|157.710007|158.059998|158.320007|medicalinstrumentssupplies|0.7|5.1|5.8|52.09|-|1600|usa|0|0|14.45|Feb 19 AMC|healthcare|85|9449.999023
MASI|59|NASDAQ|2019|12|30|15|30|217800|159.389999|157.339996|158.600006|158.809998|medicalinstrumentssupplies|0.7|5.1|5.8|52.09|-|1600|usa|0|0|14.45|Feb 19 AMC|healthcare|85|9449.999023
MASI|60|NASDAQ|2019|12|27|15|30|227400|159.690002|157.679993|159.490005|159.039993|medicalinstrumentssupplies|0.7|5.1|5.8|52.09|-|1600|usa|0|0|14.45|Feb 19 AMC|healthcare|85|9449.999023
MASI|61|NASDAQ|2019|12|26|15|30|81800|159.440002|158.190002|158.520004|159.419998|medicalinstrumentssupplies|0.7|5.1|5.8|52.09|-|1600|usa|0|0|14.45|Feb 19 AMC|healthcare|85|9449.999023
MASI|62|NASDAQ|2019|12|24|15|30|82100|159.979996|158.460007|159.389999|159.100006|medicalinstrumentssupplies|0.7|5.1|5.8|52.09|-|1600|usa|0|0|14.45|Feb 19 AMC|healthcare|85|9449.999023
MASI|63|NASDAQ|2019|12|23|15|30|240000|160.059998|157.570007|159.300003|159.660004|medicalinstrumentssupplies|0.7|5.1|5.8|52.09|-|1600|usa|0|0|14.45|Feb 19 AMC|healthcare|85|9449.999023
MASI|64|NASDAQ|2019|12|20|15|30|552000|159.979996|157.100006|158.580002|158.509995|medicalinstrumentssupplies|0.7|5.1|5.8|52.09|-|1600|usa|0|0|14.45|Feb 19 AMC|healthcare|85|9449.999023
MASI|65|NASDAQ|2019|12|19|15|30|214300|159.339996|155.619995|157.220001|159.339996|medicalinstrumentssupplies|0.7|5.1|5.8|52.09|-|1600|usa|0|0|14.45|Feb 19 AMC|healthcare|85|9449.999023
MASI|66|NASDAQ|2019|12|18|15|30|781400|159.009995|156.949997|158.889999|158.690002|medicalinstrumentssupplies|0.7|5.1|5.8|52.09|-|1600|usa|0|0|14.45|Feb 19 AMC|healthcare|85|9449.999023
MASI|67|NASDAQ|2019|12|17|15|30|225400|159|156.800003|158.610001|157.820007|medicalinstrumentssupplies|0.7|5.1|5.8|52.09|-|1600|usa|0|0|14.45|Feb 19 AMC|healthcare|85|9449.999023
MASI|68|NASDAQ|2019|12|16|15|30|759100|158.139999|156.029999|157.059998|157.410004|medicalinstrumentssupplies|0.7|5.1|5.8|52.09|-|1600|usa|0|0|14.45|Feb 19 AMC|healthcare|85|9449.999023
MASI|69|NASDAQ|2019|12|13|15|30|344800|158.529999|155.880005|156.619995|156.929993|medicalinstrumentssupplies|0.7|5.1|5.8|52.09|-|1600|usa|0|0|14.45|Feb 19 AMC|healthcare|85|9449.999023
MASI|70|NASDAQ|2019|12|12|15|30|291600|157.660004|153.850006|157.270004|154.649994|medicalinstrumentssupplies|0.7|5.1|5.8|52.09|-|1600|usa|0|0|14.45|Feb 19 AMC|healthcare|85|9449.999023
MASI|71|NASDAQ|2019|12|11|15|30|279800|154.589996|151.630005|154.210007|152.059998|medicalinstrumentssupplies|0.7|5.1|5.8|52.09|-|1600|usa|0|0|14.45|Feb 19 AMC|healthcare|85|9449.999023
MASI|72|NASDAQ|2019|12|10|15|30|254100|152.889999|151.410004|152.690002|151.699997|medicalinstrumentssupplies|0.7|5.1|5.8|52.09|-|1600|usa|0|0|14.45|Feb 19 AMC|healthcare|85|9449.999023
MASI|73|NASDAQ|2019|12|09|15|30|256600|155.690002|152.160004|152.210007|155.100006|medicalinstrumentssupplies|0.7|5.1|5.8|52.09|-|1600|usa|0|0|14.45|Feb 19 AMC|healthcare|85|9449.999023
MASI|74|NASDAQ|2019|12|06|15|30|246800|157.080002|155.259995|155.479996|156.839996|medicalinstrumentssupplies|0.7|5.1|5.8|52.09|-|1600|usa|0|0|14.45|Feb 19 AMC|healthcare|85|9449.999023
MASI|75|NASDAQ|2019|12|05|15|30|230300|156.770004|155.179993|155.550003|156.770004|medicalinstrumentssupplies|0.7|5.1|5.8|52.09|-|1600|usa|0|0|14.45|Feb 19 AMC|healthcare|85|9449.999023
MASI|76|NASDAQ|2019|12|04|15|30|269400|157.770004|155.619995|157.369995|156.350006|medicalinstrumentssupplies|0.7|5.1|5.8|52.09|-|1600|usa|0|0|14.45|Feb 19 AMC|healthcare|85|9449.999023
MASI|77|NASDAQ|2019|12|03|15|30|185900|155.850006|153.119995|155.610001|153.770004|medicalinstrumentssupplies|0.7|5.1|5.8|52.09|-|1600|usa|0|0|14.45|Feb 19 AMC|healthcare|85|9449.999023
MASI|78|NASDAQ|2019|12|02|15|30|181500|155.550003|153.059998|155.25|155.320007|medicalinstrumentssupplies|0.7|5.1|5.8|52.09|-|1600|usa|0|0|14.45|Feb 19 AMC|healthcare|85|9449.999023
MASI|79|NASDAQ|2019|11|29|15|30|69100|156.389999|155.009995|155.070007|156.210007|medicalinstrumentssupplies|0.7|5.1|5.8|52.09|-|1600|usa|0|0|14.45|Feb 19 AMC|healthcare|85|9449.999023
MASI|80|NASDAQ|2019|11|27|15|30|134700|156.770004|155.229996|156.289993|155.300003|medicalinstrumentssupplies|0.7|5.1|5.8|52.09|-|1600|usa|0|0|14.45|Feb 19 AMC|healthcare|85|9449.999023
MASI|81|NASDAQ|2019|11|26|15|30|141400|155.330002|153.789993|154.899994|153.789993|medicalinstrumentssupplies|0.7|5.1|5.8|52.09|-|1600|usa|0|0|14.45|Feb 19 AMC|healthcare|85|9449.999023
MASI|82|NASDAQ|2019|11|25|15|30|190600|155.970001|153.419998|153.729996|154.199997|medicalinstrumentssupplies|0.7|5.1|5.8|52.09|-|1600|usa|0|0|14.45|Feb 19 AMC|healthcare|85|9449.999023
MASI|83|NASDAQ|2019|11|22|15|30|304000|156.419998|152.509995|153.350006|155.910004|medicalinstrumentssupplies|0.7|5.1|5.8|52.09|-|1600|usa|0|0|14.45|Feb 19 AMC|healthcare|85|9449.999023
MASI|84|NASDAQ|2019|11|21|15|30|211800|156.149994|152.820007|156.009995|155.919998|medicalinstrumentssupplies|0.7|5.1|5.8|52.09|-|1600|usa|0|0|14.45|Feb 19 AMC|healthcare|85|9449.999023
MASI|85|NASDAQ|2019|11|20|15|30|664400|156.399994|152.699997|155.429993|153.149994|medicalinstrumentssupplies|0.7|5.1|5.8|52.09|-|1600|usa|0|0|14.45|Feb 19 AMC|healthcare|85|9449.999023
MASI|86|NASDAQ|2019|11|19|15|30|516300|153.399994|149.110001|153.220001|151.070007|medicalinstrumentssupplies|0.7|5.1|5.8|52.09|-|1600|usa|0|0|14.45|Feb 19 AMC|healthcare|85|9449.999023
MASI|87|NASDAQ|2019|11|18|15|30|233100|151.809998|149.5|149.869995|149.899994|medicalinstrumentssupplies|0.7|5.1|5.8|52.09|-|1600|usa|0|0|14.45|Feb 19 AMC|healthcare|85|9449.999023
MASI|88|NASDAQ|2019|11|15|15|30|220200|149.789993|146.779999|149.770004|146.779999|medicalinstrumentssupplies|0.7|5.1|5.8|52.09|-|1600|usa|0|0|14.45|Feb 19 AMC|healthcare|85|9449.999023
MASI|89|NASDAQ|2019|11|14|15|30|293300|147.330002|145.020004|146.460007|145.380005|medicalinstrumentssupplies|0.7|5.1|5.8|52.09|-|1600|usa|0|0|14.45|Feb 19 AMC|healthcare|85|9449.999023
MASI|90|NASDAQ|2019|11|13|15|30|312200|146.330002|144.509995|145.699997|145.020004|medicalinstrumentssupplies|0.7|5.1|5.8|52.09|-|1600|usa|0|0|14.45|Feb 19 AMC|healthcare|85|9449.999023
MASI|91|NASDAQ|2019|11|12|15|30|315700|146.240005|144.380005|145.820007|144.380005|medicalinstrumentssupplies|0.7|5.1|5.8|52.09|-|1600|usa|0|0|14.45|Feb 19 AMC|healthcare|85|9449.999023
MASI|92|NASDAQ|2019|11|11|15|30|215400|145.809998|142.240005|144.720001|142.240005|medicalinstrumentssupplies|0.7|5.1|5.8|52.09|-|1600|usa|0|0|14.45|Feb 19 AMC|healthcare|85|9449.999023
MASI|93|NASDAQ|2019|11|08|15|30|310600|143.399994|141.009995|142.949997|141.009995|medicalinstrumentssupplies|0.7|5.1|5.8|52.09|-|1600|usa|0|0|14.45|Feb 19 AMC|healthcare|85|9449.999023
MASI|94|NASDAQ|2019|11|07|15|30|344100|142.800003|140.800003|141.380005|141.589996|medicalinstrumentssupplies|0.7|5.1|5.8|52.09|-|1600|usa|0|0|14.45|Feb 19 AMC|healthcare|85|9449.999023
MASI|95|NASDAQ|2019|11|06|15|30|233200|143.300003|140.529999|140.809998|141.75|medicalinstrumentssupplies|0.7|5.1|5.8|52.09|-|1600|usa|0|0|14.45|Feb 19 AMC|healthcare|85|9449.999023
MASI|96|NASDAQ|2019|11|05|15|30|441900|145.419998|141.550003|142.190002|145.419998|medicalinstrumentssupplies|0.7|5.1|5.8|52.09|-|1600|usa|0|0|14.45|Feb 19 AMC|healthcare|85|9449.999023
MASI|97|NASDAQ|2019|11|04|15|30|294600|148.25|143.779999|144.839996|148|medicalinstrumentssupplies|0.7|5.1|5.8|52.09|-|1600|usa|0|0|14.45|Feb 19 AMC|healthcare|85|9449.999023
MASI|98|NASDAQ|2019|11|01|14|30|363000|149.059998|146.100006|147.509995|146.460007|medicalinstrumentssupplies|0.7|5.1|5.8|52.09|-|1600|usa|0|0|14.45|Feb 19 AMC|healthcare|85|9449.999023
MASI|99|NASDAQ|2019|10|31|14|30|836600|148.899994|140.580002|145.789993|148.899994|medicalinstrumentssupplies|0.7|5.1|5.8|52.09|-|1600|usa|0|0|14.45|Feb 19 AMC|healthcare|85|9449.999023
MASI|100|NASDAQ|2019|10|30|14|30|271900|149.029999|145.509995|147.419998|148.130005|medicalinstrumentssupplies|0.7|5.1|5.8|52.09|-|1600|usa|0|0|14.45|Feb 19 AMC|healthcare|85|9449.999023
MASI|101|NASDAQ|2019|10|29|14|30|249700|149.169998|144.990005|148.039993|145.330002|medicalinstrumentssupplies|0.7|5.1|5.8|52.09|-|1600|usa|0|0|14.45|Feb 19 AMC|healthcare|85|9449.999023
MASI|102|NASDAQ|2019|10|28|14|30|241000|146.369995|143.710007|145.529999|143.710007|medicalinstrumentssupplies|0.7|5.1|5.8|52.09|-|1600|usa|0|0|14.45|Feb 19 AMC|healthcare|85|9449.999023
MASI|103|NASDAQ|2019|10|25|15|30|158100|145.399994|142|143.740005|142.759995|medicalinstrumentssupplies|0.7|5.1|5.8|52.09|-|1600|usa|0|0|14.45|Feb 19 AMC|healthcare|85|9449.999023
MASI|104|NASDAQ|2019|10|24|15|30|223900|144.5|142.020004|142.529999|143.970001|medicalinstrumentssupplies|0.7|5.1|5.8|52.09|-|1600|usa|0|0|14.45|Feb 19 AMC|healthcare|85|9449.999023
MASI|105|NASDAQ|2019|10|23|15|30|246400|143.850006|141.779999|142.449997|142.369995|medicalinstrumentssupplies|0.7|5.1|5.8|52.09|-|1600|usa|0|0|14.45|Feb 19 AMC|healthcare|85|9449.999023
MASI|106|NASDAQ|2019|10|22|15|30|271100|146.740005|142.570007|142.639999|146.169998|medicalinstrumentssupplies|0.7|5.1|5.8|52.09|-|1600|usa|0|0|14.45|Feb 19 AMC|healthcare|85|9449.999023
MASI|107|NASDAQ|2019|10|21|15|30|213100|149.770004|145.100006|145.429993|148.789993|medicalinstrumentssupplies|0.7|5.1|5.8|52.09|-|1600|usa|0|0|14.45|Feb 19 AMC|healthcare|85|9449.999023
MASI|108|NASDAQ|2019|10|18|15|30|182900|148.690002|146.5|147.869995|147.580002|medicalinstrumentssupplies|0.7|5.1|5.8|52.09|-|1600|usa|0|0|14.45|Feb 19 AMC|healthcare|85|9449.999023
MASI|109|NASDAQ|2019|10|17|15|30|191400|148.660004|146.559998|148|146.940002|medicalinstrumentssupplies|0.7|5.1|5.8|52.09|-|1600|usa|0|0|14.45|Feb 19 AMC|healthcare|85|9449.999023
MASI|110|NASDAQ|2019|10|16|15|30|194600|147.389999|144.710007|145.990005|145.740005|medicalinstrumentssupplies|0.7|5.1|5.8|52.09|-|1600|usa|0|0|14.45|Feb 19 AMC|healthcare|85|9449.999023
MASI|111|NASDAQ|2019|10|15|15|30|220800|147.220001|144.929993|146.179993|145.729996|medicalinstrumentssupplies|0.7|5.1|5.8|52.09|-|1600|usa|0|0|14.45|Feb 19 AMC|healthcare|85|9449.999023
MASI|112|NASDAQ|2019|10|14|15|30|123000|146.929993|144.179993|144.940002|145.630005|medicalinstrumentssupplies|0.7|5.1|5.8|52.09|-|1600|usa|0|0|14.45|Feb 19 AMC|healthcare|85|9449.999023
MASI|113|NASDAQ|2019|10|11|15|30|168100|148.470001|145.240005|145.410004|146.229996|medicalinstrumentssupplies|0.7|5.1|5.8|52.09|-|1600|usa|0|0|14.45|Feb 19 AMC|healthcare|85|9449.999023
MASI|114|NASDAQ|2019|10|10|15|30|120900|145.089996|143.210007|144.580002|144.220001|medicalinstrumentssupplies|0.7|5.1|5.8|52.09|-|1600|usa|0|0|14.45|Feb 19 AMC|healthcare|85|9449.999023
MASI|115|NASDAQ|2019|10|09|15|30|150800|145.559998|143.759995|144.649994|143.759995|medicalinstrumentssupplies|0.7|5.1|5.8|52.09|-|1600|usa|0|0|14.45|Feb 19 AMC|healthcare|85|9449.999023
MASI|116|NASDAQ|2019|10|08|15|30|155700|146.149994|142.710007|142.979996|146.149994|medicalinstrumentssupplies|0.7|5.1|5.8|52.09|-|1600|usa|0|0|14.45|Feb 19 AMC|healthcare|85|9449.999023
MASI|117|NASDAQ|2019|10|07|15|30|234800|148.169998|146.479996|146.850006|147.759995|medicalinstrumentssupplies|0.7|5.1|5.8|52.09|-|1600|usa|0|0|14.45|Feb 19 AMC|healthcare|85|9449.999023
MASI|118|NASDAQ|2019|10|04|15|30|172100|149.110001|146.429993|148.699997|146.429993|medicalinstrumentssupplies|0.7|5.1|5.8|52.09|-|1600|usa|0|0|14.45|Feb 19 AMC|healthcare|85|9449.999023
MASI|119|NASDAQ|2019|10|03|15|30|321800|145.529999|141.539993|145.529999|143.139999|medicalinstrumentssupplies|0.7|5.1|5.8|52.09|-|1600|usa|0|0|14.45|Feb 19 AMC|healthcare|85|9449.999023
MASI|120|NASDAQ|2019|10|02|15|30|415500|146.089996|140.160004|143.369995|145.860001|medicalinstrumentssupplies|0.7|5.1|5.8|52.09|-|1600|usa|0|0|14.45|Feb 19 AMC|healthcare|85|9449.999023
MASI|121|NASDAQ|2019|10|01|15|30|278400|150.199997|146.199997|146.279999|148.869995|medicalinstrumentssupplies|0.7|5.1|5.8|52.09|-|1600|usa|0|0|14.45|Feb 19 AMC|healthcare|85|9449.999023
MASI|122|NASDAQ|2019|09|30|15|30|245700|149.149994|146.490005|148.789993|146.490005|medicalinstrumentssupplies|0.7|5.1|5.8|52.09|-|1600|usa|0|0|14.45|Feb 19 AMC|healthcare|85|9449.999023
