empresa|antiguedad|mercado|anio|mes|dia|hora|minuto|volumen|high|low|close|open|industria|Insider Own|Quick Ratio|Current Ratio|P/E|Dividend %|Employees|geo|Debt/Eq|LT Debt/Eq|EPS next Y|Earnings|sector|Inst Own|Market Cap
AZRX|0|NASDAQ|2020|03|06|15|30|132500|0.81|0.766|0.78|0.81|biotechnology|3.1|0.6|0.6|-|-|12|usa|0.59|0|16|-|healthcare|5.9|19.049999
AZRX|1|NASDAQ|2020|03|05|15|30|129700|0.858|0.775|0.81|0.858|biotechnology|3.1|0.6|0.6|-|-|12|usa|0.59|0|16|-|healthcare|5.9|19.049999
AZRX|2|NASDAQ|2020|03|04|15|30|274000|0.89|0.82|0.86|0.823|biotechnology|3.1|0.6|0.6|-|-|12|usa|0.59|0|16|-|healthcare|5.9|19.049999
AZRX|3|NASDAQ|2020|03|03|15|30|94700|0.847|0.791|0.81|0.8|biotechnology|3.1|0.6|0.6|-|-|12|usa|0.59|0|16|-|healthcare|5.9|19.049999
AZRX|4|NASDAQ|2020|03|02|15|30|124400|0.85|0.77|0.781|0.827|biotechnology|3.1|0.6|0.6|-|-|12|usa|0.59|0|16|-|healthcare|5.9|19.049999
AZRX|5|NASDAQ|2020|02|28|15|30|161700|0.85|0.75|0.823|0.75|biotechnology|3.1|0.6|0.6|-|-|12|usa|0.59|0|16|-|healthcare|5.9|19.049999
AZRX|6|NASDAQ|2020|02|27|15|30|349300|0.85|0.71|0.75|0.815|biotechnology|3.1|0.6|0.6|-|-|12|usa|0.59|0|16|-|healthcare|5.9|19.049999
AZRX|7|NASDAQ|2020|02|26|15|30|150700|0.86|0.804|0.815|0.84|biotechnology|3.1|0.6|0.6|-|-|12|usa|0.59|0|16|-|healthcare|5.9|19.049999
AZRX|8|NASDAQ|2020|02|25|15|30|135800|0.868|0.82|0.84|0.84|biotechnology|3.1|0.6|0.6|-|-|12|usa|0.59|0|16|-|healthcare|5.9|19.049999
AZRX|9|NASDAQ|2020|02|24|15|30|390900|0.91|0.791|0.822|0.91|biotechnology|3.1|0.6|0.6|-|-|12|usa|0.59|0|16|-|healthcare|5.9|19.049999
AZRX|10|NASDAQ|2020|02|21|15|30|184800|0.968|0.9|0.909|0.968|biotechnology|3.1|0.6|0.6|-|-|12|usa|0.59|0|16|-|healthcare|5.9|19.049999
AZRX|11|NASDAQ|2020|02|20|15|30|211900|1|0.912|0.939|1|biotechnology|3.1|0.6|0.6|-|-|12|usa|0.59|0|16|-|healthcare|5.9|19.049999
AZRX|12|NASDAQ|2020|02|19|15|30|132900|1.01|0.95|0.969|1|biotechnology|3.1|0.6|0.6|-|-|12|usa|0.59|0|16|-|healthcare|5.9|19.049999
AZRX|13|NASDAQ|2020|02|18|15|30|264600|0.98|0.931|0.97|0.97|biotechnology|3.1|0.6|0.6|-|-|12|usa|0.59|0|16|-|healthcare|5.9|19.049999
AZRX|14|NASDAQ|2020|02|14|15|30|201600|0.963|0.9|0.925|0.94|biotechnology|3.1|0.6|0.6|-|-|12|usa|0.59|0|16|-|healthcare|5.9|19.049999
AZRX|15|NASDAQ|2020|02|13|15|30|215800|0.96|0.9|0.911|0.95|biotechnology|3.1|0.6|0.6|-|-|12|usa|0.59|0|16|-|healthcare|5.9|19.049999
AZRX|16|NASDAQ|2020|02|12|15|30|175600|0.97|0.91|0.934|0.922|biotechnology|3.1|0.6|0.6|-|-|12|usa|0.59|0|16|-|healthcare|5.9|19.049999
AZRX|17|NASDAQ|2020|02|11|15|30|164700|0.97|0.9|0.942|0.92|biotechnology|3.1|0.6|0.6|-|-|12|usa|0.59|0|16|-|healthcare|5.9|19.049999
AZRX|18|NASDAQ|2020|02|10|15|30|405900|0.98|0.883|0.945|0.972|biotechnology|3.1|0.6|0.6|-|-|12|usa|0.59|0|16|-|healthcare|5.9|19.049999
AZRX|19|NASDAQ|2020|02|07|15|30|155900|1.02|0.96|0.99|1|biotechnology|3.1|0.6|0.6|-|-|12|usa|0.59|0|16|-|healthcare|5.9|19.049999
AZRX|20|NASDAQ|2020|02|06|15|30|202300|1.04|0.99|1|1|biotechnology|3.1|0.6|0.6|-|-|12|usa|0.59|0|16|-|healthcare|5.9|19.049999
AZRX|21|NASDAQ|2020|02|05|15|30|108000|1.06|1.01|1.01|1.06|biotechnology|3.1|0.6|0.6|-|-|12|usa|0.59|0|16|-|healthcare|5.9|19.049999
AZRX|22|NASDAQ|2020|02|04|15|30|334000|1.11|1.04|1.06|1.06|biotechnology|3.1|0.6|0.6|-|-|12|usa|0.59|0|16|-|healthcare|5.9|19.049999
AZRX|23|NASDAQ|2020|02|03|15|30|483000|1.08|0.97|1.04|0.99|biotechnology|3.1|0.6|0.6|-|-|12|usa|0.59|0|16|-|healthcare|5.9|19.049999
AZRX|24|NASDAQ|2020|01|31|15|30|217400|0.969|0.92|0.946|0.936|biotechnology|3.1|0.6|0.6|-|-|12|usa|0.59|0|16|-|healthcare|5.9|19.049999
AZRX|25|NASDAQ|2020|01|30|15|30|852500|1.01|0.84|0.909|1|biotechnology|3.1|0.6|0.6|-|-|12|usa|0.59|0|16|-|healthcare|5.9|19.049999
AZRX|26|NASDAQ|2020|01|29|15|30|215500|1.06|0.995|1.02|1.03|biotechnology|3.1|0.6|0.6|-|-|12|usa|0.59|0|16|-|healthcare|5.9|19.049999
AZRX|27|NASDAQ|2020|01|28|15|30|152100|1.06|0.98|1.03|0.98|biotechnology|3.1|0.6|0.6|-|-|12|usa|0.59|0|16|-|healthcare|5.9|19.049999
AZRX|28|NASDAQ|2020|01|27|15|30|549100|1.04|0.96|1.02|1.03|biotechnology|3.1|0.6|0.6|-|-|12|usa|0.59|0|16|-|healthcare|5.9|19.049999
AZRX|29|NASDAQ|2020|01|24|15|30|373800|1.13|1.05|1.05|1.13|biotechnology|3.1|0.6|0.6|-|-|12|usa|0.59|0|16|-|healthcare|5.9|19.049999
AZRX|30|NASDAQ|2020|01|23|15|30|426900|1.12|1.05|1.081|1.1|biotechnology|3.1|0.6|0.6|-|-|12|usa|0.59|0|16|-|healthcare|5.9|19.049999
AZRX|31|NASDAQ|2020|01|22|15|30|1099000|1.22|1.08|1.11|1.1|biotechnology|3.1|0.6|0.6|-|-|12|usa|0.59|0|16|-|healthcare|5.9|19.049999
AZRX|32|NASDAQ|2020|01|21|15|30|689700|1.16|1.07|1.1|1.1|biotechnology|3.1|0.6|0.6|-|-|12|usa|0.59|0|16|-|healthcare|5.9|19.049999
AZRX|33|NASDAQ|2020|01|17|15|30|748400|1.25|1.118|1.16|1.18|biotechnology|3.1|0.6|0.6|-|-|12|usa|0.59|0|16|-|healthcare|5.9|19.049999
AZRX|34|NASDAQ|2020|01|16|15|30|748000|1.21|1.1|1.15|1.18|biotechnology|3.1|0.6|0.6|-|-|12|usa|0.59|0|16|-|healthcare|5.9|19.049999
AZRX|35|NASDAQ|2020|01|15|15|30|1504100|1.32|1.12|1.22|1.3|biotechnology|3.1|0.6|0.6|-|-|12|usa|0.59|0|16|-|healthcare|5.9|19.049999
AZRX|36|NASDAQ|2020|01|14|15|30|1669600|1.508|1.2|1.35|1.5|biotechnology|3.1|0.6|0.6|-|-|12|usa|0.59|0|16|-|healthcare|5.9|19.049999
AZRX|37|NASDAQ|2020|01|13|15|30|2310800|1.72|1.47|1.69|1.72|biotechnology|3.1|0.6|0.6|-|-|12|usa|0.59|0|16|-|healthcare|5.9|19.049999
AZRX|38|NASDAQ|2020|01|10|15|30|5890900|1.938|1.5|1.72|1.7|biotechnology|3.1|0.6|0.6|-|-|12|usa|0.59|0|16|-|healthcare|5.9|19.049999
AZRX|39|NASDAQ|2020|01|09|15|30|795700|1.45|1.21|1.42|1.25|biotechnology|3.1|0.6|0.6|-|-|12|usa|0.59|0|16|-|healthcare|5.9|19.049999
AZRX|40|NASDAQ|2020|01|08|15|30|497600|1.43|1.17|1.2|1.32|biotechnology|3.1|0.6|0.6|-|-|12|usa|0.59|0|16|-|healthcare|5.9|19.049999
AZRX|41|NASDAQ|2020|01|07|15|30|1688800|1.55|1.02|1.32|1.05|biotechnology|3.1|0.6|0.6|-|-|12|usa|0.59|0|16|-|healthcare|5.9|19.049999
AZRX|42|NASDAQ|2020|01|06|15|30|338000|1.05|0.98|1.05|1.02|biotechnology|3.1|0.6|0.6|-|-|12|usa|0.59|0|16|-|healthcare|5.9|19.049999
AZRX|43|NASDAQ|2020|01|03|15|30|175500|1.03|1|1|1.01|biotechnology|3.1|0.6|0.6|-|-|12|usa|0.59|0|16|-|healthcare|5.9|19.049999
AZRX|44|NASDAQ|2020|01|02|15|30|238400|1.09|0.99|1.03|1.05|biotechnology|3.1|0.6|0.6|-|-|12|usa|0.59|0|16|-|healthcare|5.9|19.049999
AZRX|45|NASDAQ|2019|12|31|15|30|390400|1.068|1|1.04|1.06|biotechnology|3.1|0.6|0.6|-|-|12|usa|0.59|0|16|-|healthcare|5.9|19.049999
AZRX|46|NASDAQ|2019|12|30|15|30|274700|1.11|1.03|1.05|1.11|biotechnology|3.1|0.6|0.6|-|-|12|usa|0.59|0|16|-|healthcare|5.9|19.049999
AZRX|47|NASDAQ|2019|12|27|15|30|204400|1.12|1.02|1.11|1.08|biotechnology|3.1|0.6|0.6|-|-|12|usa|0.59|0|16|-|healthcare|5.9|19.049999
AZRX|48|NASDAQ|2019|12|26|15|30|190000|1.064|1|1.06|1.02|biotechnology|3.1|0.6|0.6|-|-|12|usa|0.59|0|16|-|healthcare|5.9|19.049999
AZRX|49|NASDAQ|2019|12|24|15|30|241700|1.09|0.99|1.02|1|biotechnology|3.1|0.6|0.6|-|-|12|usa|0.59|0|16|-|healthcare|5.9|19.049999
AZRX|50|NASDAQ|2019|12|23|15|30|612600|1.1|0.908|1.01|1.1|biotechnology|3.1|0.6|0.6|-|-|12|usa|0.59|0|16|-|healthcare|5.9|19.049999
AZRX|51|NASDAQ|2019|12|20|15|30|429000|1.13|0.95|1.13|1|biotechnology|3.1|0.6|0.6|-|-|12|usa|0.59|0|16|-|healthcare|5.9|19.049999
AZRX|52|NASDAQ|2019|12|19|15|30|439100|1.05|0.984|0.995|1.02|biotechnology|3.1|0.6|0.6|-|-|12|usa|0.59|0|16|-|healthcare|5.9|19.049999
AZRX|53|NASDAQ|2019|12|18|15|30|518700|1|0.901|0.951|0.91|biotechnology|3.1|0.6|0.6|-|-|12|usa|0.59|0|16|-|healthcare|5.9|19.049999
AZRX|54|NASDAQ|2019|12|17|15|30|1065200|0.99|0.84|0.9|0.845|biotechnology|3.1|0.6|0.6|-|-|12|usa|0.59|0|16|-|healthcare|5.9|19.049999
AZRX|55|NASDAQ|2019|12|16|15|30|444400|0.84|0.796|0.83|0.81|biotechnology|3.1|0.6|0.6|-|-|12|usa|0.59|0|16|-|healthcare|5.9|19.049999
AZRX|56|NASDAQ|2019|12|13|15|30|347200|0.846|0.76|0.772|0.8|biotechnology|3.1|0.6|0.6|-|-|12|usa|0.59|0|16|-|healthcare|5.9|19.049999
AZRX|57|NASDAQ|2019|12|12|15|30|246400|0.81|0.74|0.789|0.78|biotechnology|3.1|0.6|0.6|-|-|12|usa|0.59|0|16|-|healthcare|5.9|19.049999
AZRX|58|NASDAQ|2019|12|11|15|30|98400|0.8|0.74|0.74|0.741|biotechnology|3.1|0.6|0.6|-|-|12|usa|0.59|0|16|-|healthcare|5.9|19.049999
AZRX|59|NASDAQ|2019|12|10|15|30|133600|0.81|0.74|0.77|0.81|biotechnology|3.1|0.6|0.6|-|-|12|usa|0.59|0|16|-|healthcare|5.9|19.049999
AZRX|60|NASDAQ|2019|12|09|15|30|161500|0.82|0.77|0.805|0.79|biotechnology|3.1|0.6|0.6|-|-|12|usa|0.59|0|16|-|healthcare|5.9|19.049999
AZRX|61|NASDAQ|2019|12|06|15|30|76100|0.79|0.75|0.765|0.75|biotechnology|3.1|0.6|0.6|-|-|12|usa|0.59|0|16|-|healthcare|5.9|19.049999
AZRX|62|NASDAQ|2019|12|05|15|30|71700|0.77|0.75|0.753|0.754|biotechnology|3.1|0.6|0.6|-|-|12|usa|0.59|0|16|-|healthcare|5.9|19.049999
AZRX|63|NASDAQ|2019|12|04|15|30|133600|0.77|0.74|0.753|0.77|biotechnology|3.1|0.6|0.6|-|-|12|usa|0.59|0|16|-|healthcare|5.9|19.049999
AZRX|64|NASDAQ|2019|12|03|15|30|141900|0.76|0.7|0.74|0.735|biotechnology|3.1|0.6|0.6|-|-|12|usa|0.59|0|16|-|healthcare|5.9|19.049999
AZRX|65|NASDAQ|2019|12|02|15|30|320200|0.769|0.67|0.717|0.677|biotechnology|3.1|0.6|0.6|-|-|12|usa|0.59|0|16|-|healthcare|5.9|19.049999
AZRX|66|NASDAQ|2019|11|29|15|30|78700|0.7|0.65|0.66|0.7|biotechnology|3.1|0.6|0.6|-|-|12|usa|0.59|0|16|-|healthcare|5.9|19.049999
AZRX|67|NASDAQ|2019|11|27|15|30|218500|0.7|0.64|0.681|0.66|biotechnology|3.1|0.6|0.6|-|-|12|usa|0.59|0|16|-|healthcare|5.9|19.049999
AZRX|68|NASDAQ|2019|11|26|15|30|291000|0.716|0.612|0.647|0.714|biotechnology|3.1|0.6|0.6|-|-|12|usa|0.59|0|16|-|healthcare|5.9|19.049999
AZRX|69|NASDAQ|2019|11|25|15|30|285800|0.79|0.68|0.681|0.75|biotechnology|3.1|0.6|0.6|-|-|12|usa|0.59|0|16|-|healthcare|5.9|19.049999
AZRX|70|NASDAQ|2019|11|22|15|30|132100|0.735|0.691|0.712|0.735|biotechnology|3.1|0.6|0.6|-|-|12|usa|0.59|0|16|-|healthcare|5.9|19.049999
AZRX|71|NASDAQ|2019|11|21|15|30|183400|0.79|0.71|0.71|0.77|biotechnology|3.1|0.6|0.6|-|-|12|usa|0.59|0|16|-|healthcare|5.9|19.049999
AZRX|72|NASDAQ|2019|11|20|15|30|265400|0.82|0.71|0.722|0.82|biotechnology|3.1|0.6|0.6|-|-|12|usa|0.59|0|16|-|healthcare|5.9|19.049999
AZRX|73|NASDAQ|2019|11|19|15|30|265400|0.86|0.79|0.79|0.806|biotechnology|3.1|0.6|0.6|-|-|12|usa|0.59|0|16|-|healthcare|5.9|19.049999
AZRX|74|NASDAQ|2019|11|18|15|30|385900|0.89|0.785|0.8|0.83|biotechnology|3.1|0.6|0.6|-|-|12|usa|0.59|0|16|-|healthcare|5.9|19.049999
AZRX|75|NASDAQ|2019|11|15|15|30|395300|0.844|0.74|0.791|0.794|biotechnology|3.1|0.6|0.6|-|-|12|usa|0.59|0|16|-|healthcare|5.9|19.049999
AZRX|76|NASDAQ|2019|11|14|15|30|707500|0.83|0.63|0.775|0.63|biotechnology|3.1|0.6|0.6|-|-|12|usa|0.59|0|16|-|healthcare|5.9|19.049999
AZRX|77|NASDAQ|2019|11|13|15|30|265700|0.65|0.6|0.61|0.65|biotechnology|3.1|0.6|0.6|-|-|12|usa|0.59|0|16|-|healthcare|5.9|19.049999
AZRX|78|NASDAQ|2019|11|12|15|30|180400|0.664|0.62|0.65|0.664|biotechnology|3.1|0.6|0.6|-|-|12|usa|0.59|0|16|-|healthcare|5.9|19.049999
AZRX|79|NASDAQ|2019|11|11|15|30|114300|0.67|0.64|0.664|0.65|biotechnology|3.1|0.6|0.6|-|-|12|usa|0.59|0|16|-|healthcare|5.9|19.049999
AZRX|80|NASDAQ|2019|11|08|15|30|146500|0.69|0.65|0.65|0.665|biotechnology|3.1|0.6|0.6|-|-|12|usa|0.59|0|16|-|healthcare|5.9|19.049999
AZRX|81|NASDAQ|2019|11|07|15|30|425200|0.8|0.64|0.694|0.754|biotechnology|3.1|0.6|0.6|-|-|12|usa|0.59|0|16|-|healthcare|5.9|19.049999
AZRX|82|NASDAQ|2019|11|06|15|30|154400|0.83|0.728|0.742|0.8|biotechnology|3.1|0.6|0.6|-|-|12|usa|0.59|0|16|-|healthcare|5.9|19.049999
AZRX|83|NASDAQ|2019|11|05|15|30|213100|0.85|0.76|0.79|0.807|biotechnology|3.1|0.6|0.6|-|-|12|usa|0.59|0|16|-|healthcare|5.9|19.049999
AZRX|84|NASDAQ|2019|11|04|15|30|294400|0.819|0.719|0.78|0.719|biotechnology|3.1|0.6|0.6|-|-|12|usa|0.59|0|16|-|healthcare|5.9|19.049999
AZRX|85|NASDAQ|2019|11|01|14|30|277500|0.75|0.66|0.712|0.68|biotechnology|3.1|0.6|0.6|-|-|12|usa|0.59|0|16|-|healthcare|5.9|19.049999
AZRX|86|NASDAQ|2019|10|31|14|30|203000|0.69|0.65|0.657|0.66|biotechnology|3.1|0.6|0.6|-|-|12|usa|0.59|0|16|-|healthcare|5.9|19.049999
AZRX|87|NASDAQ|2019|10|30|14|30|70600|0.7|0.645|0.653|0.66|biotechnology|3.1|0.6|0.6|-|-|12|usa|0.59|0|16|-|healthcare|5.9|19.049999
AZRX|88|NASDAQ|2019|10|29|14|30|214700|0.68|0.65|0.653|0.67|biotechnology|3.1|0.6|0.6|-|-|12|usa|0.59|0|16|-|healthcare|5.9|19.049999
AZRX|89|NASDAQ|2019|10|28|14|30|88800|0.71|0.65|0.68|0.68|biotechnology|3.1|0.6|0.6|-|-|12|usa|0.59|0|16|-|healthcare|5.9|19.049999
AZRX|90|NASDAQ|2019|10|25|15|30|213800|0.716|0.65|0.682|0.69|biotechnology|3.1|0.6|0.6|-|-|12|usa|0.59|0|16|-|healthcare|5.9|19.049999
AZRX|91|NASDAQ|2019|10|24|15|30|109500|0.705|0.657|0.671|0.68|biotechnology|3.1|0.6|0.6|-|-|12|usa|0.59|0|16|-|healthcare|5.9|19.049999
AZRX|92|NASDAQ|2019|10|23|15|30|280800|0.78|0.66|0.68|0.78|biotechnology|3.1|0.6|0.6|-|-|12|usa|0.59|0|16|-|healthcare|5.9|19.049999
AZRX|93|NASDAQ|2019|10|22|15|30|211700|0.816|0.75|0.76|0.807|biotechnology|3.1|0.6|0.6|-|-|12|usa|0.59|0|16|-|healthcare|5.9|19.049999
AZRX|94|NASDAQ|2019|10|21|15|30|196200|0.836|0.756|0.795|0.756|biotechnology|3.1|0.6|0.6|-|-|12|usa|0.59|0|16|-|healthcare|5.9|19.049999
AZRX|95|NASDAQ|2019|10|18|15|30|496400|0.89|0.7|0.72|0.89|biotechnology|3.1|0.6|0.6|-|-|12|usa|0.59|0|16|-|healthcare|5.9|19.049999
AZRX|96|NASDAQ|2019|10|17|15|30|1149700|0.94|0.66|0.806|0.66|biotechnology|3.1|0.6|0.6|-|-|12|usa|0.59|0|16|-|healthcare|5.9|19.049999
AZRX|97|NASDAQ|2019|10|16|15|30|399600|0.68|0.501|0.646|0.52|biotechnology|3.1|0.6|0.6|-|-|12|usa|0.59|0|16|-|healthcare|5.9|19.049999
AZRX|98|NASDAQ|2019|10|15|15|30|477300|0.59|0.472|0.555|0.5|biotechnology|3.1|0.6|0.6|-|-|12|usa|0.59|0|16|-|healthcare|5.9|19.049999
AZRX|99|NASDAQ|2019|10|14|15|30|133100|0.5|0.416|0.45|0.5|biotechnology|3.1|0.6|0.6|-|-|12|usa|0.59|0|16|-|healthcare|5.9|19.049999
AZRX|100|NASDAQ|2019|10|11|15|30|82100|0.502|0.481|0.489|0.5|biotechnology|3.1|0.6|0.6|-|-|12|usa|0.59|0|16|-|healthcare|5.9|19.049999
AZRX|101|NASDAQ|2019|10|10|15|30|552200|0.54|0.461|0.475|0.54|biotechnology|3.1|0.6|0.6|-|-|12|usa|0.59|0|16|-|healthcare|5.9|19.049999
AZRX|102|NASDAQ|2019|10|09|15|30|289200|0.552|0.51|0.527|0.523|biotechnology|3.1|0.6|0.6|-|-|12|usa|0.59|0|16|-|healthcare|5.9|19.049999
AZRX|103|NASDAQ|2019|10|08|15|30|369300|0.56|0.5|0.515|0.56|biotechnology|3.1|0.6|0.6|-|-|12|usa|0.59|0|16|-|healthcare|5.9|19.049999
AZRX|104|NASDAQ|2019|10|07|15|30|409600|0.609|0.55|0.56|0.58|biotechnology|3.1|0.6|0.6|-|-|12|usa|0.59|0|16|-|healthcare|5.9|19.049999
AZRX|105|NASDAQ|2019|10|04|15|30|258900|0.686|0.554|0.572|0.633|biotechnology|3.1|0.6|0.6|-|-|12|usa|0.59|0|16|-|healthcare|5.9|19.049999
AZRX|106|NASDAQ|2019|10|03|15|30|64300|0.66|0.61|0.614|0.622|biotechnology|3.1|0.6|0.6|-|-|12|usa|0.59|0|16|-|healthcare|5.9|19.049999
AZRX|107|NASDAQ|2019|10|02|15|30|164800|0.7|0.618|0.619|0.653|biotechnology|3.1|0.6|0.6|-|-|12|usa|0.59|0|16|-|healthcare|5.9|19.049999
AZRX|108|NASDAQ|2019|10|01|15|30|185700|0.7|0.6|0.65|0.6|biotechnology|3.1|0.6|0.6|-|-|12|usa|0.59|0|16|-|healthcare|5.9|19.049999
AZRX|109|NASDAQ|2019|09|30|15|30|400900|0.64|0.51|0.6|0.563|biotechnology|3.1|0.6|0.6|-|-|12|usa|0.59|0|16|-|healthcare|5.9|19.049999
AZRX|110|NASDAQ|2019|09|27|15|30|482600|0.65|0.512|0.583|0.65|biotechnology|3.1|0.6|0.6|-|-|12|usa|0.59|0|16|-|healthcare|5.9|19.049999
AZRX|111|NASDAQ|2019|09|26|15|30|864000|0.73|0.5|0.655|0.71|biotechnology|3.1|0.6|0.6|-|-|12|usa|0.59|0|16|-|healthcare|5.9|19.049999
AZRX|112|NASDAQ|2019|09|25|15|30|3314600|0.745|0.636|0.703|0.7|biotechnology|3.1|0.6|0.6|-|-|12|usa|0.59|0|16|-|healthcare|5.9|19.049999
AZRX|113|NASDAQ|2019|09|24|15|30|243200|0.951|0.87|0.89|0.95|biotechnology|3.1|0.6|0.6|-|-|12|usa|0.59|0|16|-|healthcare|5.9|19.049999
AZRX|114|NASDAQ|2019|09|23|15|30|343100|1.01|0.891|0.93|1.01|biotechnology|3.1|0.6|0.6|-|-|12|usa|0.59|0|16|-|healthcare|5.9|19.049999
AZRX|115|NASDAQ|2019|09|20|15|30|275200|1.02|0.98|1|1|biotechnology|3.1|0.6|0.6|-|-|12|usa|0.59|0|16|-|healthcare|5.9|19.049999
AZRX|116|NASDAQ|2019|09|19|15|30|115200|1.05|0.99|1|1|biotechnology|3.1|0.6|0.6|-|-|12|usa|0.59|0|16|-|healthcare|5.9|19.049999
AZRX|117|NASDAQ|2019|09|18|15|30|521900|1.07|0.97|1|1.05|biotechnology|3.1|0.6|0.6|-|-|12|usa|0.59|0|16|-|healthcare|5.9|19.049999
AZRX|118|NASDAQ|2019|09|17|15|30|587500|1.26|1.04|1.07|1.21|biotechnology|3.1|0.6|0.6|-|-|12|usa|0.59|0|16|-|healthcare|5.9|19.049999
AZRX|119|NASDAQ|2019|09|16|15|30|312400|1.29|1.16|1.21|1.26|biotechnology|3.1|0.6|0.6|-|-|12|usa|0.59|0|16|-|healthcare|5.9|19.049999
AZRX|120|NASDAQ|2019|09|13|15|30|719600|1.33|1.12|1.23|1.12|biotechnology|3.1|0.6|0.6|-|-|12|usa|0.59|0|16|-|healthcare|5.9|19.049999
AZRX|121|NASDAQ|2019|09|12|15|30|294100|1.13|1.03|1.13|1.03|biotechnology|3.1|0.6|0.6|-|-|12|usa|0.59|0|16|-|healthcare|5.9|19.049999
AZRX|122|NASDAQ|2019|09|11|15|30|270600|1.11|1.01|1.03|1.1|biotechnology|3.1|0.6|0.6|-|-|12|usa|0.59|0|16|-|healthcare|5.9|19.049999
AZRX|123|NASDAQ|2019|09|10|15|30|217700|1.13|1|1.075|1|biotechnology|3.1|0.6|0.6|-|-|12|usa|0.59|0|16|-|healthcare|5.9|19.049999
AZRX|124|NASDAQ|2019|09|09|15|30|120300|1.01|0.971|0.98|1.01|biotechnology|3.1|0.6|0.6|-|-|12|usa|0.59|0|16|-|healthcare|5.9|19.049999
AZRX|125|NASDAQ|2019|09|06|15|30|75800|1.02|0.99|1|0.99|biotechnology|3.1|0.6|0.6|-|-|12|usa|0.59|0|16|-|healthcare|5.9|19.049999
AZRX|126|NASDAQ|2019|09|05|15|30|147100|1.03|0.98|0.99|1.03|biotechnology|3.1|0.6|0.6|-|-|12|usa|0.59|0|16|-|healthcare|5.9|19.049999
AZRX|127|NASDAQ|2019|09|04|15|30|96600|1.04|1.01|1.025|1.01|biotechnology|3.1|0.6|0.6|-|-|12|usa|0.59|0|16|-|healthcare|5.9|19.049999
AZRX|128|NASDAQ|2019|09|03|15|30|83900|1.04|0.99|0.99|1.04|biotechnology|3.1|0.6|0.6|-|-|12|usa|0.59|0|16|-|healthcare|5.9|19.049999
AZRX|129|NASDAQ|2019|08|30|15|30|43300|1.03|1|1|1.01|biotechnology|3.1|0.6|0.6|-|-|12|usa|0.59|0|16|-|healthcare|5.9|19.049999
AZRX|130|NASDAQ|2019|08|29|15|30|69300|1.03|0.99|0.991|0.99|biotechnology|3.1|0.6|0.6|-|-|12|usa|0.59|0|16|-|healthcare|5.9|19.049999
AZRX|131|NASDAQ|2019|08|28|15|30|208600|1.07|0.98|1|1.03|biotechnology|3.1|0.6|0.6|-|-|12|usa|0.59|0|16|-|healthcare|5.9|19.049999
AZRX|132|NASDAQ|2019|08|27|15|30|94700|1.1|1.02|1.02|1.07|biotechnology|3.1|0.6|0.6|-|-|12|usa|0.59|0|16|-|healthcare|5.9|19.049999
AZRX|133|NASDAQ|2019|08|26|15|30|204400|1.132|1.07|1.075|1.07|biotechnology|3.1|0.6|0.6|-|-|12|usa|0.59|0|16|-|healthcare|5.9|19.049999
AZRX|134|NASDAQ|2019|08|23|15|30|294100|1.15|1.05|1.05|1.15|biotechnology|3.1|0.6|0.6|-|-|12|usa|0.59|0|16|-|healthcare|5.9|19.049999
AZRX|135|NASDAQ|2019|08|22|15|30|244800|1.16|1.05|1.15|1.05|biotechnology|3.1|0.6|0.6|-|-|12|usa|0.59|0|16|-|healthcare|5.9|19.049999
AZRX|136|NASDAQ|2019|08|21|15|30|536500|1.155|1.02|1.045|1.08|biotechnology|3.1|0.6|0.6|-|-|12|usa|0.59|0|16|-|healthcare|5.9|19.049999
AZRX|137|NASDAQ|2019|08|20|15|30|186900|1.1|1.03|1.08|1.05|biotechnology|3.1|0.6|0.6|-|-|12|usa|0.59|0|16|-|healthcare|5.9|19.049999
AZRX|138|NASDAQ|2019|08|19|15|30|109900|1.05|0.99|1.05|1.01|biotechnology|3.1|0.6|0.6|-|-|12|usa|0.59|0|16|-|healthcare|5.9|19.049999
AZRX|139|NASDAQ|2019|08|16|15|30|39000|1.007|0.96|0.99|0.96|biotechnology|3.1|0.6|0.6|-|-|12|usa|0.59|0|16|-|healthcare|5.9|19.049999
AZRX|140|NASDAQ|2019|08|15|15|30|61600|0.98|0.95|0.961|0.98|biotechnology|3.1|0.6|0.6|-|-|12|usa|0.59|0|16|-|healthcare|5.9|19.049999
AZRX|141|NASDAQ|2019|08|14|15|30|127700|1|0.95|0.99|0.97|biotechnology|3.1|0.6|0.6|-|-|12|usa|0.59|0|16|-|healthcare|5.9|19.049999
AZRX|142|NASDAQ|2019|08|13|15|30|93900|0.99|0.95|0.974|0.99|biotechnology|3.1|0.6|0.6|-|-|12|usa|0.59|0|16|-|healthcare|5.9|19.049999
AZRX|143|NASDAQ|2019|08|12|15|30|17600|1.02|0.974|0.99|1.01|biotechnology|3.1|0.6|0.6|-|-|12|usa|0.59|0|16|-|healthcare|5.9|19.049999
AZRX|144|NASDAQ|2019|08|09|15|30|195900|1.03|0.951|0.991|1|biotechnology|3.1|0.6|0.6|-|-|12|usa|0.59|0|16|-|healthcare|5.9|19.049999
AZRX|145|NASDAQ|2019|08|08|15|30|45100|0.97|0.92|0.95|0.968|biotechnology|3.1|0.6|0.6|-|-|12|usa|0.59|0|16|-|healthcare|5.9|19.049999
AZRX|146|NASDAQ|2019|08|07|15|30|388600|0.99|0.86|0.974|0.99|biotechnology|3.1|0.6|0.6|-|-|12|usa|0.59|0|16|-|healthcare|5.9|19.049999
AZRX|147|NASDAQ|2019|08|06|15|30|118200|1.02|0.976|0.976|1|biotechnology|3.1|0.6|0.6|-|-|12|usa|0.59|0|16|-|healthcare|5.9|19.049999
AZRX|148|NASDAQ|2019|08|05|15|30|176900|1.03|0.98|0.999|1.01|biotechnology|3.1|0.6|0.6|-|-|12|usa|0.59|0|16|-|healthcare|5.9|19.049999
AZRX|149|NASDAQ|2019|08|02|15|30|199900|1.05|1|1.04|1.02|biotechnology|3.1|0.6|0.6|-|-|12|usa|0.59|0|16|-|healthcare|5.9|19.049999
AZRX|150|NASDAQ|2019|08|01|15|30|115000|1.098|1.01|1.03|1.01|biotechnology|3.1|0.6|0.6|-|-|12|usa|0.59|0|16|-|healthcare|5.9|19.049999
AZRX|151|NASDAQ|2019|07|31|15|30|70000|1.076|1|1.01|1.05|biotechnology|3.1|0.6|0.6|-|-|12|usa|0.59|0|16|-|healthcare|5.9|19.049999
AZRX|152|NASDAQ|2019|07|30|15|30|169600|1.06|0.97|1.06|1.01|biotechnology|3.1|0.6|0.6|-|-|12|usa|0.59|0|16|-|healthcare|5.9|19.049999
AZRX|153|NASDAQ|2019|07|29|15|30|169700|1.04|0.999|1|1.04|biotechnology|3.1|0.6|0.6|-|-|12|usa|0.59|0|16|-|healthcare|5.9|19.049999
AZRX|154|NASDAQ|2019|07|26|15|30|233300|1.03|0.99|1|1.02|biotechnology|3.1|0.6|0.6|-|-|12|usa|0.59|0|16|-|healthcare|5.9|19.049999
AZRX|155|NASDAQ|2019|07|25|15|30|112500|1.049|1.02|1.02|1.03|biotechnology|3.1|0.6|0.6|-|-|12|usa|0.59|0|16|-|healthcare|5.9|19.049999
AZRX|156|NASDAQ|2019|07|24|15|30|200800|1.04|1|1.04|1.03|biotechnology|3.1|0.6|0.6|-|-|12|usa|0.59|0|16|-|healthcare|5.9|19.049999
AZRX|157|NASDAQ|2019|07|23|15|30|650100|1.1|1|1.02|1.03|biotechnology|3.1|0.6|0.6|-|-|12|usa|0.59|0|16|-|healthcare|5.9|19.049999
AZRX|158|NASDAQ|2019|07|22|15|30|1083700|1.28|0.988|1.05|1.05|biotechnology|3.1|0.6|0.6|-|-|12|usa|0.59|0|16|-|healthcare|5.9|19.049999
AZRX|159|NASDAQ|2019|07|19|15|30|626100|1.06|0.956|1.05|1.05|biotechnology|3.1|0.6|0.6|-|-|12|usa|0.59|0|16|-|healthcare|5.9|19.049999
AZRX|160|NASDAQ|2019|07|18|15|30|1654700|1.05|0.905|0.947|0.98|biotechnology|3.1|0.6|0.6|-|-|12|usa|0.59|0|16|-|healthcare|5.9|19.049999
AZRX|161|NASDAQ|2019|07|17|15|30|310500|1.15|1.05|1.05|1.09|biotechnology|3.1|0.6|0.6|-|-|12|usa|0.59|0|16|-|healthcare|5.9|19.049999
AZRX|162|NASDAQ|2019|07|16|15|30|679200|1.226|1.015|1.09|1.22|biotechnology|3.1|0.6|0.6|-|-|12|usa|0.59|0|16|-|healthcare|5.9|19.049999
AZRX|163|NASDAQ|2019|07|15|15|30|57600|1.33|1.206|1.224|1.26|biotechnology|3.1|0.6|0.6|-|-|12|usa|0.59|0|16|-|healthcare|5.9|19.049999
AZRX|164|NASDAQ|2019|07|12|15|30|216900|1.43|1.26|1.26|1.43|biotechnology|3.1|0.6|0.6|-|-|12|usa|0.59|0|16|-|healthcare|5.9|19.049999
AZRX|165|NASDAQ|2019|07|11|15|30|262500|1.43|1.29|1.41|1.32|biotechnology|3.1|0.6|0.6|-|-|12|usa|0.59|0|16|-|healthcare|5.9|19.049999
AZRX|166|NASDAQ|2019|07|10|15|30|238200|1.4|1.18|1.3|1.26|biotechnology|3.1|0.6|0.6|-|-|12|usa|0.59|0|16|-|healthcare|5.9|19.049999
AZRX|167|NASDAQ|2019|07|09|15|30|474400|1.393|1.227|1.23|1.25|biotechnology|3.1|0.6|0.6|-|-|12|usa|0.59|0|16|-|healthcare|5.9|19.049999
AZRX|168|NASDAQ|2019|07|08|15|30|334900|1.55|1.25|1.25|1.45|biotechnology|3.1|0.6|0.6|-|-|12|usa|0.59|0|16|-|healthcare|5.9|19.049999
AZRX|169|NASDAQ|2019|07|05|15|30|82500|1.55|1.44|1.45|1.47|biotechnology|3.1|0.6|0.6|-|-|12|usa|0.59|0|16|-|healthcare|5.9|19.049999
AZRX|170|NASDAQ|2019|07|03|15|30|106900|1.54|1.37|1.437|1.53|biotechnology|3.1|0.6|0.6|-|-|12|usa|0.59|0|16|-|healthcare|5.9|19.049999
AZRX|171|NASDAQ|2019|07|02|15|30|71400|1.6|1.52|1.54|1.54|biotechnology|3.1|0.6|0.6|-|-|12|usa|0.59|0|16|-|healthcare|5.9|19.049999
AZRX|172|NASDAQ|2019|07|01|15|30|134300|1.93|1.5|1.55|1.74|biotechnology|3.1|0.6|0.6|-|-|12|usa|0.59|0|16|-|healthcare|5.9|19.049999
AZRX|173|NASDAQ|2019|06|28|15|30|59600|1.7|1.63|1.7|1.65|biotechnology|3.1|0.6|0.6|-|-|12|usa|0.59|0|16|-|healthcare|5.9|19.049999
AZRX|174|NASDAQ|2019|06|27|15|30|40300|1.769|1.64|1.64|1.7|biotechnology|3.1|0.6|0.6|-|-|12|usa|0.59|0|16|-|healthcare|5.9|19.049999
AZRX|175|NASDAQ|2019|06|26|15|30|6800|1.71|1.65|1.71|1.71|biotechnology|3.1|0.6|0.6|-|-|12|usa|0.59|0|16|-|healthcare|5.9|19.049999
AZRX|176|NASDAQ|2019|06|25|15|30|138900|1.77|1.5|1.71|1.66|biotechnology|3.1|0.6|0.6|-|-|12|usa|0.59|0|16|-|healthcare|5.9|19.049999
AZRX|177|NASDAQ|2019|06|24|15|30|135000|1.79|1.67|1.68|1.74|biotechnology|3.1|0.6|0.6|-|-|12|usa|0.59|0|16|-|healthcare|5.9|19.049999
AZRX|178|NASDAQ|2019|06|21|15|30|25100|1.74|1.67|1.73|1.69|biotechnology|3.1|0.6|0.6|-|-|12|usa|0.59|0|16|-|healthcare|5.9|19.049999
AZRX|179|NASDAQ|2019|06|20|15|30|31300|1.732|1.63|1.71|1.72|biotechnology|3.1|0.6|0.6|-|-|12|usa|0.59|0|16|-|healthcare|5.9|19.049999
AZRX|180|NASDAQ|2019|06|19|15|30|88000|1.8|1.65|1.72|1.8|biotechnology|3.1|0.6|0.6|-|-|12|usa|0.59|0|16|-|healthcare|5.9|19.049999
AZRX|181|NASDAQ|2019|06|18|15|30|144500|1.8|1.59|1.78|1.59|biotechnology|3.1|0.6|0.6|-|-|12|usa|0.59|0|16|-|healthcare|5.9|19.049999
AZRX|182|NASDAQ|2019|06|17|15|30|215800|1.765|1.42|1.57|1.66|biotechnology|3.1|0.6|0.6|-|-|12|usa|0.59|0|16|-|healthcare|5.9|19.049999
AZRX|183|NASDAQ|2019|06|14|15|30|315900|1.8|1.487|1.67|1.78|biotechnology|3.1|0.6|0.6|-|-|12|usa|0.59|0|16|-|healthcare|5.9|19.049999
AZRX|184|NASDAQ|2019|06|13|15|30|133700|1.825|1.67|1.75|1.79|biotechnology|3.1|0.6|0.6|-|-|12|usa|0.59|0|16|-|healthcare|5.9|19.049999
AZRX|185|NASDAQ|2019|06|12|15|30|51600|1.92|1.7|1.78|1.85|biotechnology|3.1|0.6|0.6|-|-|12|usa|0.59|0|16|-|healthcare|5.9|19.049999
AZRX|186|NASDAQ|2019|06|11|15|30|130800|2.03|1.7|1.83|1.95|biotechnology|3.1|0.6|0.6|-|-|12|usa|0.59|0|16|-|healthcare|5.9|19.049999
AZRX|187|NASDAQ|2019|06|10|15|30|91000|2.12|1.95|1.95|2.11|biotechnology|3.1|0.6|0.6|-|-|12|usa|0.59|0|16|-|healthcare|5.9|19.049999
AZRX|188|NASDAQ|2019|06|07|15|30|116400|2.11|1.84|2.05|2.11|biotechnology|3.1|0.6|0.6|-|-|12|usa|0.59|0|16|-|healthcare|5.9|19.049999
AZRX|189|NASDAQ|2019|06|06|15|30|98700|2.03|1.9|2.01|1.921|biotechnology|3.1|0.6|0.6|-|-|12|usa|0.59|0|16|-|healthcare|5.9|19.049999
AZRX|190|NASDAQ|2019|06|05|15|30|56400|2.169|1.95|2.05|2.125|biotechnology|3.1|0.6|0.6|-|-|12|usa|0.59|0|16|-|healthcare|5.9|19.049999
AZRX|191|NASDAQ|2019|06|04|15|30|89500|2.29|2.18|2.21|2.24|biotechnology|3.1|0.6|0.6|-|-|12|usa|0.59|0|16|-|healthcare|5.9|19.049999
AZRX|192|NASDAQ|2019|06|03|15|30|52200|2.27|2.03|2.24|2.16|biotechnology|3.1|0.6|0.6|-|-|12|usa|0.59|0|16|-|healthcare|5.9|19.049999
AZRX|193|NASDAQ|2019|05|31|15|30|84200|2.19|2.04|2.19|2.16|biotechnology|3.1|0.6|0.6|-|-|12|usa|0.59|0|16|-|healthcare|5.9|19.049999
AZRX|194|NASDAQ|2019|05|30|15|30|62700|2.24|2.093|2.17|2.21|biotechnology|3.1|0.6|0.6|-|-|12|usa|0.59|0|16|-|healthcare|5.9|19.049999
AZRX|195|NASDAQ|2019|05|29|15|30|97500|2.27|2.14|2.21|2.15|biotechnology|3.1|0.6|0.6|-|-|12|usa|0.59|0|16|-|healthcare|5.9|19.049999
AZRX|196|NASDAQ|2019|05|28|15|30|68200|2.27|2.092|2.17|2.15|biotechnology|3.1|0.6|0.6|-|-|12|usa|0.59|0|16|-|healthcare|5.9|19.049999
AZRX|197|NASDAQ|2019|05|24|15|30|51100|2.19|2.1|2.16|2.16|biotechnology|3.1|0.6|0.6|-|-|12|usa|0.59|0|16|-|healthcare|5.9|19.049999
AZRX|198|NASDAQ|2019|05|23|15|30|70500|2.211|2.13|2.14|2.18|biotechnology|3.1|0.6|0.6|-|-|12|usa|0.59|0|16|-|healthcare|5.9|19.049999
AZRX|199|NASDAQ|2019|05|22|15|30|109100|2.38|2.09|2.18|2.36|biotechnology|3.1|0.6|0.6|-|-|12|usa|0.59|0|16|-|healthcare|5.9|19.049999
AZRX|200|NASDAQ|2019|05|21|15|30|225100|2.47|2.24|2.35|2.47|biotechnology|3.1|0.6|0.6|-|-|12|usa|0.59|0|16|-|healthcare|5.9|19.049999
AZRX|201|NASDAQ|2019|05|20|15|30|499600|2.71|2.4|2.48|2.61|biotechnology|3.1|0.6|0.6|-|-|12|usa|0.59|0|16|-|healthcare|5.9|19.049999
AZRX|202|NASDAQ|2019|05|17|15|30|98000|2.65|2.56|2.58|2.62|biotechnology|3.1|0.6|0.6|-|-|12|usa|0.59|0|16|-|healthcare|5.9|19.049999
AZRX|203|NASDAQ|2019|05|16|15|30|101600|2.68|2.5|2.63|2.51|biotechnology|3.1|0.6|0.6|-|-|12|usa|0.59|0|16|-|healthcare|5.9|19.049999
AZRX|204|NASDAQ|2019|05|15|15|30|174200|2.62|2.51|2.533|2.55|biotechnology|3.1|0.6|0.6|-|-|12|usa|0.59|0|16|-|healthcare|5.9|19.049999
AZRX|205|NASDAQ|2019|05|14|15|30|234100|2.595|2.54|2.56|2.568|biotechnology|3.1|0.6|0.6|-|-|12|usa|0.59|0|16|-|healthcare|5.9|19.049999
AZRX|206|NASDAQ|2019|05|13|15|30|140500|2.7|2.5|2.58|2.58|biotechnology|3.1|0.6|0.6|-|-|12|usa|0.59|0|16|-|healthcare|5.9|19.049999
AZRX|207|NASDAQ|2019|05|10|15|30|98900|2.798|2.58|2.58|2.7|biotechnology|3.1|0.6|0.6|-|-|12|usa|0.59|0|16|-|healthcare|5.9|19.049999
AZRX|208|NASDAQ|2019|05|09|15|30|277000|3|2.6|2.7|2.87|biotechnology|3.1|0.6|0.6|-|-|12|usa|0.59|0|16|-|healthcare|5.9|19.049999
AZRX|209|NASDAQ|2019|05|08|15|30|250300|3.1|2.62|2.894|2.64|biotechnology|3.1|0.6|0.6|-|-|12|usa|0.59|0|16|-|healthcare|5.9|19.049999
AZRX|210|NASDAQ|2019|05|07|15|30|15700|2.65|2.53|2.6|2.65|biotechnology|3.1|0.6|0.6|-|-|12|usa|0.59|0|16|-|healthcare|5.9|19.049999
AZRX|211|NASDAQ|2019|05|06|15|30|30200|2.67|2.513|2.57|2.55|biotechnology|3.1|0.6|0.6|-|-|12|usa|0.59|0|16|-|healthcare|5.9|19.049999
AZRX|212|NASDAQ|2019|05|03|15|30|68700|2.56|2.49|2.553|2.51|biotechnology|3.1|0.6|0.6|-|-|12|usa|0.59|0|16|-|healthcare|5.9|19.049999
AZRX|213|NASDAQ|2019|05|02|15|30|21200|2.5|2.45|2.5|2.5|biotechnology|3.1|0.6|0.6|-|-|12|usa|0.59|0|16|-|healthcare|5.9|19.049999
AZRX|214|NASDAQ|2019|05|01|15|30|25700|2.5|2.44|2.44|2.46|biotechnology|3.1|0.6|0.6|-|-|12|usa|0.59|0|16|-|healthcare|5.9|19.049999
AZRX|215|NASDAQ|2019|04|30|15|30|47100|2.51|2.4|2.48|2.46|biotechnology|3.1|0.6|0.6|-|-|12|usa|0.59|0|16|-|healthcare|5.9|19.049999
AZRX|216|NASDAQ|2019|04|29|15|30|40400|2.51|2.378|2.5|2.5|biotechnology|3.1|0.6|0.6|-|-|12|usa|0.59|0|16|-|healthcare|5.9|19.049999
AZRX|217|NASDAQ|2019|04|26|15|30|61300|2.55|2.428|2.5|2.49|biotechnology|3.1|0.6|0.6|-|-|12|usa|0.59|0|16|-|healthcare|5.9|19.049999
AZRX|218|NASDAQ|2019|04|25|15|30|111300|2.55|2.4|2.5|2.55|biotechnology|3.1|0.6|0.6|-|-|12|usa|0.59|0|16|-|healthcare|5.9|19.049999
AZRX|219|NASDAQ|2019|04|24|15|30|52800|2.6|2.5|2.55|2.6|biotechnology|3.1|0.6|0.6|-|-|12|usa|0.59|0|16|-|healthcare|5.9|19.049999
AZRX|220|NASDAQ|2019|04|23|15|30|144700|2.69|2.53|2.6|2.61|biotechnology|3.1|0.6|0.6|-|-|12|usa|0.59|0|16|-|healthcare|5.9|19.049999
AZRX|221|NASDAQ|2019|04|22|15|30|259700|2.62|2.5|2.6|2.5|biotechnology|3.1|0.6|0.6|-|-|12|usa|0.59|0|16|-|healthcare|5.9|19.049999
AZRX|222|NASDAQ|2019|04|18|15|30|58500|2.498|2.37|2.47|2.45|biotechnology|3.1|0.6|0.6|-|-|12|usa|0.59|0|16|-|healthcare|5.9|19.049999
AZRX|223|NASDAQ|2019|04|17|15|30|60200|2.55|2.46|2.46|2.53|biotechnology|3.1|0.6|0.6|-|-|12|usa|0.59|0|16|-|healthcare|5.9|19.049999
AZRX|224|NASDAQ|2019|04|16|15|30|87300|2.59|2.45|2.53|2.45|biotechnology|3.1|0.6|0.6|-|-|12|usa|0.59|0|16|-|healthcare|5.9|19.049999
AZRX|225|NASDAQ|2019|04|15|15|30|51000|2.58|2.44|2.44|2.57|biotechnology|3.1|0.6|0.6|-|-|12|usa|0.59|0|16|-|healthcare|5.9|19.049999
AZRX|226|NASDAQ|2019|04|12|15|30|83700|2.59|2.495|2.538|2.59|biotechnology|3.1|0.6|0.6|-|-|12|usa|0.59|0|16|-|healthcare|5.9|19.049999
AZRX|227|NASDAQ|2019|04|11|15|30|68100|2.61|2.5|2.55|2.6|biotechnology|3.1|0.6|0.6|-|-|12|usa|0.59|0|16|-|healthcare|5.9|19.049999
AZRX|228|NASDAQ|2019|04|10|15|30|278000|2.7|2.445|2.6|2.49|biotechnology|3.1|0.6|0.6|-|-|12|usa|0.59|0|16|-|healthcare|5.9|19.049999
AZRX|229|NASDAQ|2019|04|09|15|30|8700|2.489|2.32|2.33|2.46|biotechnology|3.1|0.6|0.6|-|-|12|usa|0.59|0|16|-|healthcare|5.9|19.049999
AZRX|230|NASDAQ|2019|04|08|15|30|68400|2.53|2.331|2.5|2.49|biotechnology|3.1|0.6|0.6|-|-|12|usa|0.59|0|16|-|healthcare|5.9|19.049999
AZRX|231|NASDAQ|2019|04|05|15|30|53800|2.55|2.41|2.477|2.52|biotechnology|3.1|0.6|0.6|-|-|12|usa|0.59|0|16|-|healthcare|5.9|19.049999
AZRX|232|NASDAQ|2019|04|04|15|30|17900|2.54|2.503|2.523|2.52|biotechnology|3.1|0.6|0.6|-|-|12|usa|0.59|0|16|-|healthcare|5.9|19.049999
AZRX|233|NASDAQ|2019|04|03|15|30|54500|2.58|2.48|2.57|2.513|biotechnology|3.1|0.6|0.6|-|-|12|usa|0.59|0|16|-|healthcare|5.9|19.049999
AZRX|234|NASDAQ|2019|04|02|15|30|155700|2.58|2.21|2.55|2.46|biotechnology|3.1|0.6|0.6|-|-|12|usa|0.59|0|16|-|healthcare|5.9|19.049999
AZRX|235|NASDAQ|2019|04|01|15|30|40000|2.55|2.435|2.49|2.45|biotechnology|3.1|0.6|0.6|-|-|12|usa|0.59|0|16|-|healthcare|5.9|19.049999
AZRX|236|NASDAQ|2019|03|29|14|30|58000|2.45|2.37|2.42|2.4|biotechnology|3.1|0.6|0.6|-|-|12|usa|0.59|0|16|-|healthcare|5.9|19.049999
AZRX|237|NASDAQ|2019|03|28|14|30|24800|2.4|2.322|2.4|2.39|biotechnology|3.1|0.6|0.6|-|-|12|usa|0.59|0|16|-|healthcare|5.9|19.049999
AZRX|238|NASDAQ|2019|03|27|14|30|63100|2.4|2.285|2.383|2.34|biotechnology|3.1|0.6|0.6|-|-|12|usa|0.59|0|16|-|healthcare|5.9|19.049999
AZRX|239|NASDAQ|2019|03|26|14|30|41100|2.36|2.25|2.325|2.26|biotechnology|3.1|0.6|0.6|-|-|12|usa|0.59|0|16|-|healthcare|5.9|19.049999
AZRX|240|NASDAQ|2019|03|25|14|30|33700|2.26|2.2|2.25|2.25|biotechnology|3.1|0.6|0.6|-|-|12|usa|0.59|0|16|-|healthcare|5.9|19.049999
AZRX|241|NASDAQ|2019|03|22|14|30|47000|2.323|2.2|2.27|2.26|biotechnology|3.1|0.6|0.6|-|-|12|usa|0.59|0|16|-|healthcare|5.9|19.049999
AZRX|242|NASDAQ|2019|03|21|14|30|65800|2.309|2.2|2.26|2.3|biotechnology|3.1|0.6|0.6|-|-|12|usa|0.59|0|16|-|healthcare|5.9|19.049999
AZRX|243|NASDAQ|2019|03|20|14|30|161800|2.3|2.01|2.3|2.17|biotechnology|3.1|0.6|0.6|-|-|12|usa|0.59|0|16|-|healthcare|5.9|19.049999
AZRX|244|NASDAQ|2019|03|19|14|30|164500|2.24|2.05|2.15|2.09|biotechnology|3.1|0.6|0.6|-|-|12|usa|0.59|0|16|-|healthcare|5.9|19.049999
AZRX|245|NASDAQ|2019|03|18|14|30|856200|2.4|2.1|2.14|2.39|biotechnology|3.1|0.6|0.6|-|-|12|usa|0.59|0|16|-|healthcare|5.9|19.049999
AZRX|246|NASDAQ|2019|03|15|14|30|152700|2.045|1.89|2.04|1.94|biotechnology|3.1|0.6|0.6|-|-|12|usa|0.59|0|16|-|healthcare|5.9|19.049999
AZRX|247|NASDAQ|2019|03|14|14|30|24200|1.91|1.83|1.9|1.83|biotechnology|3.1|0.6|0.6|-|-|12|usa|0.59|0|16|-|healthcare|5.9|19.049999
AZRX|248|NASDAQ|2019|03|13|14|30|33700|2|1.81|1.9|1.94|biotechnology|3.1|0.6|0.6|-|-|12|usa|0.59|0|16|-|healthcare|5.9|19.049999
AZRX|249|NASDAQ|2019|03|12|14|30|32000|1.994|1.85|1.92|1.86|biotechnology|3.1|0.6|0.6|-|-|12|usa|0.59|0|16|-|healthcare|5.9|19.049999
AZRX|250|NASDAQ|2019|03|11|14|30|31100|1.9|1.79|1.84|1.86|biotechnology|3.1|0.6|0.6|-|-|12|usa|0.59|0|16|-|healthcare|5.9|19.049999
