empresa|antiguedad|mercado|anio|mes|dia|hora|minuto|volumen|high|low|close|open|industria|Insider Own|Quick Ratio|Current Ratio|P/E|Dividend %|Employees|geo|Debt/Eq|LT Debt/Eq|EPS next Y|Earnings|sector|Inst Own|Market Cap
FAST|0|NASDAQ|2020|03|06|15|30|7757500|34.290001|33.32|34.16|33.5|industrialequipmentwholesale|0.1|2|4.5|24.719999|2.93|21948|usa|0.13|0.13|7.49|Jan 17 BMO|services|85.400002|20070
FAST|1|NASDAQ|2020|03|05|15|30|8820000|36.049999|34.48|34.84|34.549999|industrialequipmentwholesale|0.1|2|4.5|24.719999|2.93|21948|usa|0.13|0.13|7.49|Jan 17 BMO|services|85.400002|20070
FAST|2|NASDAQ|2020|03|04|15|30|4983800|35.59|34.34|35.529999|34.98|industrialequipmentwholesale|0.1|2|4.5|24.719999|2.93|21948|usa|0.13|0.13|7.49|Jan 17 BMO|services|85.400002|20070
FAST|3|NASDAQ|2020|03|03|15|30|6747000|36.389999|34.18|34.389999|34.84|industrialequipmentwholesale|0.1|2|4.5|24.719999|2.93|21948|usa|0.13|0.13|7.49|Jan 17 BMO|services|85.400002|20070
FAST|4|NASDAQ|2020|03|02|15|30|7077800|35.189999|33.310001|35.18|34.330002|industrialequipmentwholesale|0.1|2|4.5|24.719999|2.93|21948|usa|0.13|0.13|7.49|Jan 17 BMO|services|85.400002|20070
FAST|5|NASDAQ|2020|02|28|15|30|8622900|34.84|33.490002|34.220001|33.810001|industrialequipmentwholesale|0.1|2|4.5|24.719999|2.93|21948|usa|0.13|0.13|7.49|Jan 17 BMO|services|85.400002|20070
FAST|6|NASDAQ|2020|02|27|15|30|8835200|36.450001|34.759998|35.02|35.369999|industrialequipmentwholesale|0.1|2|4.5|24.719999|2.93|21948|usa|0.13|0.13|7.49|Jan 17 BMO|services|85.400002|20070
FAST|7|NASDAQ|2020|02|26|15|30|4487800|36.830002|35.889999|35.959999|36.669998|industrialequipmentwholesale|0.1|2|4.5|24.719999|2.93|21948|usa|0.13|0.13|7.49|Jan 17 BMO|services|85.400002|20070
FAST|8|NASDAQ|2020|02|25|15|30|5998200|38.18|35.970001|36.16|37.98|industrialequipmentwholesale|0.1|2|4.5|24.719999|2.93|21948|usa|0.13|0.13|7.49|Jan 17 BMO|services|85.400002|20070
FAST|9|NASDAQ|2020|02|24|15|30|3934900|38.389999|37.240002|37.759998|38.049999|industrialequipmentwholesale|0.1|2|4.5|24.719999|2.93|21948|usa|0.13|0.13|7.49|Jan 17 BMO|services|85.400002|20070
FAST|10|NASDAQ|2020|02|21|15|30|4124100|39.18|38.450001|38.860001|38.84|industrialequipmentwholesale|0.1|2|4.5|24.719999|2.93|21948|usa|0.13|0.13|7.49|Jan 17 BMO|services|85.400002|20070
FAST|11|NASDAQ|2020|02|20|15|30|3301400|39.310001|38.290001|39.02|38.41|industrialequipmentwholesale|0.1|2|4.5|24.719999|2.93|21948|usa|0.13|0.13|7.49|Jan 17 BMO|services|85.400002|20070
FAST|12|NASDAQ|2020|02|19|15|30|1706000|38.66|38.189999|38.290001|38.369999|industrialequipmentwholesale|0.1|2|4.5|24.719999|2.93|21948|usa|0.13|0.13|7.49|Jan 17 BMO|services|85.400002|20070
FAST|13|NASDAQ|2020|02|18|15|30|2287800|38.439999|37.880001|38.290001|38.279999|industrialequipmentwholesale|0.1|2|4.5|24.719999|2.93|21948|usa|0.13|0.13|7.49|Jan 17 BMO|services|85.400002|20070
FAST|14|NASDAQ|2020|02|14|15|30|2745900|38.57|38.009998|38.32|38.23|industrialequipmentwholesale|0.1|2|4.5|24.719999|2.93|21948|usa|0.13|0.13|7.49|Jan 17 BMO|services|85.400002|20070
FAST|15|NASDAQ|2020|02|13|15|30|2270800|38.470001|37.990002|38.240002|38.150002|industrialequipmentwholesale|0.1|2|4.5|24.719999|2.93|21948|usa|0.13|0.13|7.49|Jan 17 BMO|services|85.400002|20070
FAST|16|NASDAQ|2020|02|12|15|30|2477500|38.400002|37.900002|38.34|37.900002|industrialequipmentwholesale|0.1|2|4.5|24.719999|2.93|21948|usa|0.13|0.13|7.49|Jan 17 BMO|services|85.400002|20070
FAST|17|NASDAQ|2020|02|11|15|30|4432200|37.950001|37.09|37.82|37.099998|industrialequipmentwholesale|0.1|2|4.5|24.719999|2.93|21948|usa|0.13|0.13|7.49|Jan 17 BMO|services|85.400002|20070
FAST|18|NASDAQ|2020|02|10|15|30|4827800|37.27|36.689999|36.939999|37.16|industrialequipmentwholesale|0.1|2|4.5|24.719999|2.93|21948|usa|0.13|0.13|7.49|Jan 17 BMO|services|85.400002|20070
FAST|19|NASDAQ|2020|02|07|15|30|3342700|37.950001|37.119999|37.349998|37.66|industrialequipmentwholesale|0.1|2|4.5|24.719999|2.93|21948|usa|0.13|0.13|7.49|Jan 17 BMO|services|85.400002|20070
FAST|20|NASDAQ|2020|02|06|15|30|3126100|38.240002|37.549999|37.900002|38|industrialequipmentwholesale|0.1|2|4.5|24.719999|2.93|21948|usa|0.13|0.13|7.49|Jan 17 BMO|services|85.400002|20070
FAST|21|NASDAQ|2020|02|05|15|30|4071300|37.669998|37.169998|37.650002|37.549999|industrialequipmentwholesale|0.1|2|4.5|24.719999|2.93|21948|usa|0.13|0.13|7.49|Jan 17 BMO|services|85.400002|20070
FAST|22|NASDAQ|2020|02|04|15|30|3614900|37.240002|36.259998|36.93|36.5|industrialequipmentwholesale|0.1|2|4.5|24.719999|2.93|21948|usa|0.13|0.13|7.49|Jan 17 BMO|services|85.400002|20070
FAST|23|NASDAQ|2020|02|03|15|30|4708900|36.060001|35.029999|35.849998|35.209999|industrialequipmentwholesale|0.1|2|4.5|24.719999|2.93|21948|usa|0.13|0.13|7.49|Jan 17 BMO|services|85.400002|20070
FAST|24|NASDAQ|2020|01|31|15|30|4707300|35.990002|34.73|34.880001|35.830002|industrialequipmentwholesale|0.1|2|4.5|24.719999|2.93|21948|usa|0.13|0.13|7.49|Jan 17 BMO|services|85.400002|20070
FAST|25|NASDAQ|2020|01|30|15|30|4365600|36.18|34.73|36.139999|34.73|industrialequipmentwholesale|0.1|2|4.5|24.719999|2.93|21948|usa|0.13|0.13|7.49|Jan 17 BMO|services|85.400002|20070
FAST|26|NASDAQ|2020|01|29|15|30|3883800|36.540001|35.830002|35.900002|35.990002|industrialequipmentwholesale|0.1|2|4.5|24.719999|2.93|21948|usa|0.13|0.13|7.49|Jan 17 BMO|services|85.400002|20070
FAST|27|NASDAQ|2020|01|28|15|30|3723700|35.900002|35.07|35.77|35.389999|industrialequipmentwholesale|0.1|2|4.5|24.719999|2.93|21948|usa|0.13|0.13|7.49|Jan 17 BMO|services|85.400002|20070
FAST|28|NASDAQ|2020|01|27|15|30|6163000|35.549999|34.630001|35.25|34.939999|industrialequipmentwholesale|0.1|2|4.5|24.719999|2.93|21948|usa|0.13|0.13|7.49|Jan 17 BMO|services|85.400002|20070
FAST|29|NASDAQ|2020|01|24|15|30|4163900|36.169998|35.029999|35.52|36.119999|industrialequipmentwholesale|0.1|2|4.5|24.719999|2.93|21948|usa|0.13|0.13|7.49|Jan 17 BMO|services|85.400002|20070
FAST|30|NASDAQ|2020|01|23|15|30|3133600|36.119999|35.290001|36.060001|35.860001|industrialequipmentwholesale|0.1|2|4.5|24.719999|2.93|21948|usa|0.13|0.13|7.49|Jan 17 BMO|services|85.400002|20070
FAST|31|NASDAQ|2020|01|22|15|30|3501600|36.299999|35.869999|35.93|36.18|industrialequipmentwholesale|0.1|2|4.5|24.719999|2.93|21948|usa|0.13|0.13|7.49|Jan 17 BMO|services|85.400002|20070
FAST|32|NASDAQ|2020|01|21|15|30|6476900|36.639999|35.450001|35.830002|36.43|industrialequipmentwholesale|0.1|2|4.5|24.719999|2.93|21948|usa|0.13|0.13|7.49|Jan 17 BMO|services|85.400002|20070
FAST|33|NASDAQ|2020|01|17|15|30|12851800|37.599998|36.209999|36.799999|36.369999|industrialequipmentwholesale|0.1|2|4.5|24.719999|2.93|21948|usa|0.13|0.13|7.49|Jan 17 BMO|services|85.400002|20070
FAST|34|NASDAQ|2020|01|16|15|30|5958600|37.34|36.799999|37.310001|36.900002|industrialequipmentwholesale|0.1|2|4.5|24.719999|2.93|21948|usa|0.13|0.13|7.49|Jan 17 BMO|services|85.400002|20070
FAST|35|NASDAQ|2020|01|15|15|30|4365800|36.98|36.450001|36.790001|36.669998|industrialequipmentwholesale|0.1|2|4.5|24.719999|2.93|21948|usa|0.13|0.13|7.49|Jan 17 BMO|services|85.400002|20070
FAST|36|NASDAQ|2020|01|14|15|30|5495600|37.169998|36.470001|36.82|36.639999|industrialequipmentwholesale|0.1|2|4.5|24.719999|2.93|21948|usa|0.13|0.13|7.49|Jan 17 BMO|services|85.400002|20070
FAST|37|NASDAQ|2020|01|13|15|30|3167600|36.650002|36.349998|36.59|36.599998|industrialequipmentwholesale|0.1|2|4.5|24.719999|2.93|21948|usa|0.13|0.13|7.49|Jan 17 BMO|services|85.400002|20070
FAST|38|NASDAQ|2020|01|10|15|30|3542400|36.57|35.900002|36.330002|36.220001|industrialequipmentwholesale|0.1|2|4.5|24.719999|2.93|21948|usa|0.13|0.13|7.49|Jan 17 BMO|services|85.400002|20070
FAST|39|NASDAQ|2020|01|09|15|30|3811400|36.41|35.84|36.220001|36.189999|industrialequipmentwholesale|0.1|2|4.5|24.719999|2.93|21948|usa|0.13|0.13|7.49|Jan 17 BMO|services|85.400002|20070
FAST|40|NASDAQ|2020|01|08|15|30|3795900|36.630001|35.93|36.200001|36.110001|industrialequipmentwholesale|0.1|2|4.5|24.719999|2.93|21948|usa|0.13|0.13|7.49|Jan 17 BMO|services|85.400002|20070
FAST|41|NASDAQ|2020|01|07|15|30|3108300|36.099998|35.650002|35.93|35.869999|industrialequipmentwholesale|0.1|2|4.5|24.719999|2.93|21948|usa|0.13|0.13|7.49|Jan 17 BMO|services|85.400002|20070
FAST|42|NASDAQ|2020|01|06|15|30|4135200|36.299999|35.75|36|36.240002|industrialequipmentwholesale|0.1|2|4.5|24.719999|2.93|21948|usa|0.13|0.13|7.49|Jan 17 BMO|services|85.400002|20070
FAST|43|NASDAQ|2020|01|03|15|30|4101300|36.82|36.029999|36.57|36.669998|industrialequipmentwholesale|0.1|2|4.5|24.719999|2.93|21948|usa|0.13|0.13|7.49|Jan 17 BMO|services|85.400002|20070
FAST|44|NASDAQ|2020|01|02|15|30|4190300|37.330002|36.650002|37.23|37.080002|industrialequipmentwholesale|0.1|2|4.5|24.719999|2.93|21948|usa|0.13|0.13|7.49|Jan 17 BMO|services|85.400002|20070
FAST|45|NASDAQ|2019|12|31|15|30|2141900|37.18|36.84|36.950001|36.860001|industrialequipmentwholesale|0.1|2|4.5|24.719999|2.93|21948|usa|0.13|0.13|7.49|Jan 17 BMO|services|85.400002|20070
FAST|46|NASDAQ|2019|12|30|15|30|1393000|37.139999|36.849998|36.950001|37|industrialequipmentwholesale|0.1|2|4.5|24.719999|2.93|21948|usa|0.13|0.13|7.49|Jan 17 BMO|services|85.400002|20070
FAST|47|NASDAQ|2019|12|27|15|30|1738000|37.080002|36.66|36.98|37|industrialequipmentwholesale|0.1|2|4.5|24.719999|2.93|21948|usa|0.13|0.13|7.49|Jan 17 BMO|services|85.400002|20070
FAST|48|NASDAQ|2019|12|26|15|30|1834000|37|36.68|36.939999|37|industrialequipmentwholesale|0.1|2|4.5|24.719999|2.93|21948|usa|0.13|0.13|7.49|Jan 17 BMO|services|85.400002|20070
FAST|49|NASDAQ|2019|12|24|15|30|810200|37.060001|36.740002|37.009998|37.060001|industrialequipmentwholesale|0.1|2|4.5|24.719999|2.93|21948|usa|0.13|0.13|7.49|Jan 17 BMO|services|85.400002|20070
FAST|50|NASDAQ|2019|12|23|15|30|2679300|37.43|36.849998|36.93|37.389999|industrialequipmentwholesale|0.1|2|4.5|24.719999|2.93|21948|usa|0.13|0.13|7.49|Jan 17 BMO|services|85.400002|20070
FAST|51|NASDAQ|2019|12|20|15|30|6381100|37.240002|36.720001|37.119999|37.240002|industrialequipmentwholesale|0.1|2|4.5|24.719999|2.93|21948|usa|0.13|0.13|7.49|Jan 17 BMO|services|85.400002|20070
FAST|52|NASDAQ|2019|12|19|15|30|2199000|36.91|36.59|36.799999|36.810001|industrialequipmentwholesale|0.1|2|4.5|24.719999|2.93|21948|usa|0.13|0.13|7.49|Jan 17 BMO|services|85.400002|20070
FAST|53|NASDAQ|2019|12|18|15|30|3034300|36.860001|36.549999|36.84|36.810001|industrialequipmentwholesale|0.1|2|4.5|24.719999|2.93|21948|usa|0.13|0.13|7.49|Jan 17 BMO|services|85.400002|20070
FAST|54|NASDAQ|2019|12|17|15|30|3797600|37.790001|36.720001|36.869999|37.790001|industrialequipmentwholesale|0.1|2|4.5|24.719999|2.93|21948|usa|0.13|0.13|7.49|Jan 17 BMO|services|85.400002|20070
FAST|55|NASDAQ|2019|12|16|15|30|3015000|37.459999|37.07|37.41|37.240002|industrialequipmentwholesale|0.1|2|4.5|24.719999|2.93|21948|usa|0.13|0.13|7.49|Jan 17 BMO|services|85.400002|20070
FAST|56|NASDAQ|2019|12|13|15|30|4048500|37.939999|36.939999|37.029999|37.490002|industrialequipmentwholesale|0.1|2|4.5|24.719999|2.93|21948|usa|0.13|0.13|7.49|Jan 17 BMO|services|85.400002|20070
FAST|57|NASDAQ|2019|12|12|15|30|6002800|37.740002|35.970001|37.650002|36.209999|industrialequipmentwholesale|0.1|2|4.5|24.719999|2.93|21948|usa|0.13|0.13|7.49|Jan 17 BMO|services|85.400002|20070
FAST|58|NASDAQ|2019|12|11|15|30|1988400|36.32|35.84|36.240002|36.080002|industrialequipmentwholesale|0.1|2|4.5|24.719999|2.93|21948|usa|0.13|0.13|7.49|Jan 17 BMO|services|85.400002|20070
FAST|59|NASDAQ|2019|12|10|15|30|2400200|36.220001|35.799999|35.939999|36.040001|industrialequipmentwholesale|0.1|2|4.5|24.719999|2.93|21948|usa|0.13|0.13|7.49|Jan 17 BMO|services|85.400002|20070
FAST|60|NASDAQ|2019|12|09|15|30|3054200|36.27|35.91|36.110001|35.959999|industrialequipmentwholesale|0.1|2|4.5|24.719999|2.93|21948|usa|0.13|0.13|7.49|Jan 17 BMO|services|85.400002|20070
FAST|61|NASDAQ|2019|12|06|15|30|3779800|36.130001|35.580002|35.939999|35.580002|industrialequipmentwholesale|0.1|2|4.5|24.719999|2.93|21948|usa|0.13|0.13|7.49|Jan 17 BMO|services|85.400002|20070
FAST|62|NASDAQ|2019|12|05|15|30|5737200|36.48|35.18|35.279999|35.650002|industrialequipmentwholesale|0.1|2|4.5|24.719999|2.93|21948|usa|0.13|0.13|7.49|Jan 17 BMO|services|85.400002|20070
FAST|63|NASDAQ|2019|12|04|15|30|3811800|35.360001|34.990002|35.060001|35.049999|industrialequipmentwholesale|0.1|2|4.5|24.719999|2.93|21948|usa|0.13|0.13|7.49|Jan 17 BMO|services|85.400002|20070
FAST|64|NASDAQ|2019|12|03|15|30|3226400|35.029999|34.029999|34.91|34.52|industrialequipmentwholesale|0.1|2|4.5|24.719999|2.93|21948|usa|0.13|0.13|7.49|Jan 17 BMO|services|85.400002|20070
FAST|65|NASDAQ|2019|12|02|15|30|3296600|36|34.889999|34.959999|35.380001|industrialequipmentwholesale|0.1|2|4.5|24.719999|2.93|21948|usa|0.13|0.13|7.49|Jan 17 BMO|services|85.400002|20070
FAST|66|NASDAQ|2019|11|29|15|30|1572000|35.91|35.43|35.52|35.66|industrialequipmentwholesale|0.1|2|4.5|24.719999|2.93|21948|usa|0.13|0.13|7.49|Jan 17 BMO|services|85.400002|20070
FAST|67|NASDAQ|2019|11|27|15|30|2089300|36.119999|35.549999|35.790001|36.119999|industrialequipmentwholesale|0.1|2|4.5|24.719999|2.93|21948|usa|0.13|0.13|7.49|Jan 17 BMO|services|85.400002|20070
FAST|68|NASDAQ|2019|11|26|15|30|4336000|36.130001|35.790001|35.91|35.939999|industrialequipmentwholesale|0.1|2|4.5|24.719999|2.93|21948|usa|0.13|0.13|7.49|Jan 17 BMO|services|85.400002|20070
FAST|69|NASDAQ|2019|11|25|15|30|2864900|36.209999|35.669998|36.07|35.810001|industrialequipmentwholesale|0.1|2|4.5|24.719999|2.93|21948|usa|0.13|0.13|7.49|Jan 17 BMO|services|85.400002|20070
FAST|70|NASDAQ|2019|11|22|15|30|2551900|35.740002|34.950001|35.709999|35.360001|industrialequipmentwholesale|0.1|2|4.5|24.719999|2.93|21948|usa|0.13|0.13|7.49|Jan 17 BMO|services|85.400002|20070
FAST|71|NASDAQ|2019|11|21|15|30|2645100|35.380001|34.919998|35.139999|35.32|industrialequipmentwholesale|0.1|2|4.5|24.719999|2.93|21948|usa|0.13|0.13|7.49|Jan 17 BMO|services|85.400002|20070
FAST|72|NASDAQ|2019|11|20|15|30|3937700|35.73|35.049999|35.259998|35.66|industrialequipmentwholesale|0.1|2|4.5|24.719999|2.93|21948|usa|0.13|0.13|7.49|Jan 17 BMO|services|85.400002|20070
FAST|73|NASDAQ|2019|11|19|15|30|3787500|36.130001|35.689999|35.73|36.119999|industrialequipmentwholesale|0.1|2|4.5|24.719999|2.93|21948|usa|0.13|0.13|7.49|Jan 17 BMO|services|85.400002|20070
FAST|74|NASDAQ|2019|11|18|15|30|2956900|36.25|35.66|35.860001|36.240002|industrialequipmentwholesale|0.1|2|4.5|24.719999|2.93|21948|usa|0.13|0.13|7.49|Jan 17 BMO|services|85.400002|20070
FAST|75|NASDAQ|2019|11|15|15|30|4185700|36.59|36.09|36.330002|36.43|industrialequipmentwholesale|0.1|2|4.5|24.719999|2.93|21948|usa|0.13|0.13|7.49|Jan 17 BMO|services|85.400002|20070
FAST|76|NASDAQ|2019|11|14|15|30|2976900|36.310001|35.73|36.200001|36.02|industrialequipmentwholesale|0.1|2|4.5|24.719999|2.93|21948|usa|0.13|0.13|7.49|Jan 17 BMO|services|85.400002|20070
FAST|77|NASDAQ|2019|11|13|15|30|3165000|36.650002|35.970001|36.02|36.639999|industrialequipmentwholesale|0.1|2|4.5|24.719999|2.93|21948|usa|0.13|0.13|7.49|Jan 17 BMO|services|85.400002|20070
FAST|78|NASDAQ|2019|11|12|15|30|2945500|37.009998|36.57|36.900002|36.82|industrialequipmentwholesale|0.1|2|4.5|24.719999|2.93|21948|usa|0.13|0.13|7.49|Jan 17 BMO|services|85.400002|20070
FAST|79|NASDAQ|2019|11|11|15|30|1828800|36.889999|36.560001|36.830002|36.82|industrialequipmentwholesale|0.1|2|4.5|24.719999|2.93|21948|usa|0.13|0.13|7.49|Jan 17 BMO|services|85.400002|20070
FAST|80|NASDAQ|2019|11|08|15|30|3178300|37.139999|36.830002|37.07|37.119999|industrialequipmentwholesale|0.1|2|4.5|24.719999|2.93|21948|usa|0.13|0.13|7.49|Jan 17 BMO|services|85.400002|20070
FAST|81|NASDAQ|2019|11|07|15|30|4006400|37.57|36.790001|37.139999|37.400002|industrialequipmentwholesale|0.1|2|4.5|24.719999|2.93|21948|usa|0.13|0.13|7.49|Jan 17 BMO|services|85.400002|20070
FAST|82|NASDAQ|2019|11|06|15|30|7306000|37.16|36.48|37.150002|36.900002|industrialequipmentwholesale|0.1|2|4.5|24.719999|2.93|21948|usa|0.13|0.13|7.49|Jan 17 BMO|services|85.400002|20070
FAST|83|NASDAQ|2019|11|05|15|30|3842900|37.91|37.009998|37.279999|37.349998|industrialequipmentwholesale|0.1|2|4.5|24.719999|2.93|21948|usa|0.13|0.13|7.49|Jan 17 BMO|services|85.400002|20070
FAST|84|NASDAQ|2019|11|04|15|30|4154400|37.91|37.18|37.299999|37.41|industrialequipmentwholesale|0.1|2|4.5|24.719999|2.93|21948|usa|0.13|0.13|7.49|Jan 17 BMO|services|85.400002|20070
FAST|85|NASDAQ|2019|11|01|14|30|3767500|37.16|36.200001|37.150002|36.299999|industrialequipmentwholesale|0.1|2|4.5|24.719999|2.93|21948|usa|0.13|0.13|7.49|Jan 17 BMO|services|85.400002|20070
FAST|86|NASDAQ|2019|10|31|14|30|5582900|36.290001|35.470001|35.939999|36.119999|industrialequipmentwholesale|0.1|2|4.5|24.719999|2.93|21948|usa|0.13|0.13|7.49|Jan 17 BMO|services|85.400002|20070
FAST|87|NASDAQ|2019|10|30|14|30|4170400|36.869999|36.009998|36.290001|36.810001|industrialequipmentwholesale|0.1|2|4.5|24.719999|2.93|21948|usa|0.13|0.13|7.49|Jan 17 BMO|services|85.400002|20070
FAST|88|NASDAQ|2019|10|29|14|30|5232700|36.84|36.369999|36.73|36.41|industrialequipmentwholesale|0.1|2|4.5|24.719999|2.93|21948|usa|0.13|0.13|7.49|Jan 17 BMO|services|85.400002|20070
FAST|89|NASDAQ|2019|10|28|14|30|4025200|37.549999|36.689999|36.830002|37.389999|industrialequipmentwholesale|0.1|2|4.5|24.719999|2.93|21948|usa|0.13|0.13|7.49|Jan 17 BMO|services|85.400002|20070
FAST|90|NASDAQ|2019|10|25|15|30|4323500|37.360001|37.040001|37.18|37.099998|industrialequipmentwholesale|0.1|2|4.5|24.719999|2.93|21948|usa|0.13|0.13|7.49|Jan 17 BMO|services|85.400002|20070
FAST|91|NASDAQ|2019|10|24|15|30|4222900|37.5|36.860001|37.18|37.380001|industrialequipmentwholesale|0.1|2|4.5|24.719999|2.93|21948|usa|0.13|0.13|7.49|Jan 17 BMO|services|85.400002|20070
FAST|92|NASDAQ|2019|10|23|15|30|5529600|37.799999|36.82|37.66|37.150002|industrialequipmentwholesale|0.1|2|4.5|24.719999|2.93|21948|usa|0.13|0.13|7.49|Jan 17 BMO|services|85.400002|20070
FAST|93|NASDAQ|2019|10|22|15|30|4840100|37.639999|36.57|37.369999|36.82|industrialequipmentwholesale|0.1|2|4.5|24.719999|2.93|21948|usa|0.13|0.13|7.49|Jan 17 BMO|services|85.400002|20070
FAST|94|NASDAQ|2019|10|21|15|30|6178100|36.959999|35.98|36.790001|36.099998|industrialequipmentwholesale|0.1|2|4.5|24.719999|2.93|21948|usa|0.13|0.13|7.49|Jan 17 BMO|services|85.400002|20070
FAST|95|NASDAQ|2019|10|18|15|30|3815300|36.16|35.810001|35.830002|36|industrialequipmentwholesale|0.1|2|4.5|24.719999|2.93|21948|usa|0.13|0.13|7.49|Jan 17 BMO|services|85.400002|20070
FAST|96|NASDAQ|2019|10|17|15|30|4378000|36.310001|35.549999|36.02|35.549999|industrialequipmentwholesale|0.1|2|4.5|24.719999|2.93|21948|usa|0.13|0.13|7.49|Jan 17 BMO|services|85.400002|20070
FAST|97|NASDAQ|2019|10|16|15|30|5105400|35.880001|35.41|35.610001|35.709999|industrialequipmentwholesale|0.1|2|4.5|24.719999|2.93|21948|usa|0.13|0.13|7.49|Jan 17 BMO|services|85.400002|20070
FAST|98|NASDAQ|2019|10|15|15|30|5827500|36.119999|35.419998|35.799999|35.639999|industrialequipmentwholesale|0.1|2|4.5|24.719999|2.93|21948|usa|0.13|0.13|7.49|Jan 17 BMO|services|85.400002|20070
FAST|99|NASDAQ|2019|10|14|15|30|11701900|36.240002|35.32|35.419998|35.349998|industrialequipmentwholesale|0.1|2|4.5|24.719999|2.93|21948|usa|0.13|0.13|7.49|Jan 17 BMO|services|85.400002|20070
FAST|100|NASDAQ|2019|10|11|15|30|28822500|36.580002|34.040001|36.34|34.099998|industrialequipmentwholesale|0.1|2|4.5|24.719999|2.93|21948|usa|0.13|0.13|7.49|Jan 17 BMO|services|85.400002|20070
FAST|101|NASDAQ|2019|10|10|15|30|5764700|31.15|30.639999|31.02|30.639999|industrialequipmentwholesale|0.1|2|4.5|24.719999|2.93|21948|usa|0.13|0.13|7.49|Jan 17 BMO|services|85.400002|20070
FAST|102|NASDAQ|2019|10|09|15|30|3565000|30.9|30.450001|30.65|30.719999|industrialequipmentwholesale|0.1|2|4.5|24.719999|2.93|21948|usa|0.13|0.13|7.49|Jan 17 BMO|services|85.400002|20070
FAST|103|NASDAQ|2019|10|08|15|30|4852300|31.07|30.139999|30.610001|30.57|industrialequipmentwholesale|0.1|2|4.5|24.719999|2.93|21948|usa|0.13|0.13|7.49|Jan 17 BMO|services|85.400002|20070
FAST|104|NASDAQ|2019|10|07|15|30|5022500|31.469999|30.9|31.030001|31.41|industrialequipmentwholesale|0.1|2|4.5|24.719999|2.93|21948|usa|0.13|0.13|7.49|Jan 17 BMO|services|85.400002|20070
FAST|105|NASDAQ|2019|10|04|15|30|3629000|31.85|31.09|31.780001|31.209999|industrialequipmentwholesale|0.1|2|4.5|24.719999|2.93|21948|usa|0.13|0.13|7.49|Jan 17 BMO|services|85.400002|20070
FAST|106|NASDAQ|2019|10|03|15|30|4186900|31.030001|30.379999|31.01|30.91|industrialequipmentwholesale|0.1|2|4.5|24.719999|2.93|21948|usa|0.13|0.13|7.49|Jan 17 BMO|services|85.400002|20070
FAST|107|NASDAQ|2019|10|02|15|30|4652700|31.120001|30.549999|30.959999|30.870001|industrialequipmentwholesale|0.1|2|4.5|24.719999|2.93|21948|usa|0.13|0.13|7.49|Jan 17 BMO|services|85.400002|20070
FAST|108|NASDAQ|2019|10|01|15|30|6476100|33.16|30.98|31.17|33|industrialequipmentwholesale|0.1|2|4.5|24.719999|2.93|21948|usa|0.13|0.13|7.49|Jan 17 BMO|services|85.400002|20070
FAST|109|NASDAQ|2019|09|30|15|30|3358600|32.849998|32.32|32.669998|32.330002|industrialequipmentwholesale|0.1|2|4.5|24.719999|2.93|21948|usa|0.13|0.13|7.49|Jan 17 BMO|services|85.400002|20070
FAST|110|NASDAQ|2019|09|27|15|30|4686200|32.290001|31.879999|32.23|32.240002|industrialequipmentwholesale|0.1|2|4.5|24.719999|2.93|21948|usa|0.13|0.13|7.49|Jan 17 BMO|services|85.400002|20070
FAST|111|NASDAQ|2019|09|26|15|30|3315000|32.130001|31.83|31.99|32.009998|industrialequipmentwholesale|0.1|2|4.5|24.719999|2.93|21948|usa|0.13|0.13|7.49|Jan 17 BMO|services|85.400002|20070
FAST|112|NASDAQ|2019|09|25|15|30|3161700|32.259998|31.700001|32.099998|31.74|industrialequipmentwholesale|0.1|2|4.5|24.719999|2.93|21948|usa|0.13|0.13|7.49|Jan 17 BMO|services|85.400002|20070
FAST|113|NASDAQ|2019|09|24|15|30|4968100|32.639999|31.48|31.700001|32.540001|industrialequipmentwholesale|0.1|2|4.5|24.719999|2.93|21948|usa|0.13|0.13|7.49|Jan 17 BMO|services|85.400002|20070
FAST|114|NASDAQ|2019|09|23|15|30|3284700|32.41|31.700001|32.279999|31.870001|industrialequipmentwholesale|0.1|2|4.5|24.719999|2.93|21948|usa|0.13|0.13|7.49|Jan 17 BMO|services|85.400002|20070
FAST|115|NASDAQ|2019|09|20|15|30|5374300|32.630001|31.85|31.860001|32.41|industrialequipmentwholesale|0.1|2|4.5|24.719999|2.93|21948|usa|0.13|0.13|7.49|Jan 17 BMO|services|85.400002|20070
FAST|116|NASDAQ|2019|09|19|15|30|3375900|32.91|32.360001|32.400002|32.779999|industrialequipmentwholesale|0.1|2|4.5|24.719999|2.93|21948|usa|0.13|0.13|7.49|Jan 17 BMO|services|85.400002|20070
FAST|117|NASDAQ|2019|09|18|15|30|5082500|33.459999|32.419998|32.869999|33.459999|industrialequipmentwholesale|0.1|2|4.5|24.719999|2.93|21948|usa|0.13|0.13|7.49|Jan 17 BMO|services|85.400002|20070
FAST|118|NASDAQ|2019|09|17|15|30|3278900|33.610001|32.779999|33.57|33.439999|industrialequipmentwholesale|0.1|2|4.5|24.719999|2.93|21948|usa|0.13|0.13|7.49|Jan 17 BMO|services|85.400002|20070
FAST|119|NASDAQ|2019|09|16|15|30|3328700|33.779999|33.200001|33.459999|33.400002|industrialequipmentwholesale|0.1|2|4.5|24.719999|2.93|21948|usa|0.13|0.13|7.49|Jan 17 BMO|services|85.400002|20070
FAST|120|NASDAQ|2019|09|13|15|30|3819600|34.09|33.580002|33.639999|33.77|industrialequipmentwholesale|0.1|2|4.5|24.719999|2.93|21948|usa|0.13|0.13|7.49|Jan 17 BMO|services|85.400002|20070
FAST|121|NASDAQ|2019|09|12|15|30|3954900|33.990002|33.240002|33.630001|33.5|industrialequipmentwholesale|0.1|2|4.5|24.719999|2.93|21948|usa|0.13|0.13|7.49|Jan 17 BMO|services|85.400002|20070
FAST|122|NASDAQ|2019|09|11|15|30|4533700|33.5|32.599998|33.5|32.860001|industrialequipmentwholesale|0.1|2|4.5|24.719999|2.93|21948|usa|0.13|0.13|7.49|Jan 17 BMO|services|85.400002|20070
FAST|123|NASDAQ|2019|09|10|15|30|4847700|32.810001|31.610001|32.790001|31.790001|industrialequipmentwholesale|0.1|2|4.5|24.719999|2.93|21948|usa|0.13|0.13|7.49|Jan 17 BMO|services|85.400002|20070
FAST|124|NASDAQ|2019|09|09|15|30|4683900|32.349998|31.639999|32.07|31.719999|industrialequipmentwholesale|0.1|2|4.5|24.719999|2.93|21948|usa|0.13|0.13|7.49|Jan 17 BMO|services|85.400002|20070
FAST|125|NASDAQ|2019|09|06|15|30|4006100|31.879999|31.190001|31.559999|31.280001|industrialequipmentwholesale|0.1|2|4.5|24.719999|2.93|21948|usa|0.13|0.13|7.49|Jan 17 BMO|services|85.400002|20070
FAST|126|NASDAQ|2019|09|05|15|30|4148100|31.43|30.309999|31.059999|30.309999|industrialequipmentwholesale|0.1|2|4.5|24.719999|2.93|21948|usa|0.13|0.13|7.49|Jan 17 BMO|services|85.400002|20070
FAST|127|NASDAQ|2019|09|04|15|30|2188700|30.26|29.9|29.959999|30.02|industrialequipmentwholesale|0.1|2|4.5|24.719999|2.93|21948|usa|0.13|0.13|7.49|Jan 17 BMO|services|85.400002|20070
FAST|128|NASDAQ|2019|09|03|15|30|4935200|30.52|29.52|29.719999|30.309999|industrialequipmentwholesale|0.1|2|4.5|24.719999|2.93|21948|usa|0.13|0.13|7.49|Jan 17 BMO|services|85.400002|20070
FAST|129|NASDAQ|2019|08|30|15|30|3061800|31.1|30.49|30.620001|30.790001|industrialequipmentwholesale|0.1|2|4.5|24.719999|2.93|21948|usa|0.13|0.13|7.49|Jan 17 BMO|services|85.400002|20070
FAST|130|NASDAQ|2019|08|29|15|30|2818200|30.75|30.02|30.540001|30.290001|industrialequipmentwholesale|0.1|2|4.5|24.719999|2.93|21948|usa|0.13|0.13|7.49|Jan 17 BMO|services|85.400002|20070
FAST|131|NASDAQ|2019|08|28|15|30|3433200|29.92|29.26|29.870001|29.559999|industrialequipmentwholesale|0.1|2|4.5|24.719999|2.93|21948|usa|0.13|0.13|7.49|Jan 17 BMO|services|85.400002|20070
FAST|132|NASDAQ|2019|08|27|15|30|3982400|29.98|29.440001|29.700001|29.969999|industrialequipmentwholesale|0.1|2|4.5|24.719999|2.93|21948|usa|0.13|0.13|7.49|Jan 17 BMO|services|85.400002|20070
FAST|133|NASDAQ|2019|08|26|15|30|2208400|30.139999|29.450001|29.73|30.07|industrialequipmentwholesale|0.1|2|4.5|24.719999|2.93|21948|usa|0.13|0.13|7.49|Jan 17 BMO|services|85.400002|20070
FAST|134|NASDAQ|2019|08|23|15|30|4100400|30.719999|29.440001|29.66|30.559999|industrialequipmentwholesale|0.1|2|4.5|24.719999|2.93|21948|usa|0.13|0.13|7.49|Jan 17 BMO|services|85.400002|20070
FAST|135|NASDAQ|2019|08|22|15|30|1985600|31.01|30.540001|30.73|30.99|industrialequipmentwholesale|0.1|2|4.5|24.719999|2.93|21948|usa|0.13|0.13|7.49|Jan 17 BMO|services|85.400002|20070
FAST|136|NASDAQ|2019|08|21|15|30|1798200|31.02|30.67|30.77|30.799999|industrialequipmentwholesale|0.1|2|4.5|24.719999|2.93|21948|usa|0.13|0.13|7.49|Jan 17 BMO|services|85.400002|20070
FAST|137|NASDAQ|2019|08|20|15|30|4915500|30.84|30.41|30.48|30.639999|industrialequipmentwholesale|0.1|2|4.5|24.719999|2.93|21948|usa|0.13|0.13|7.49|Jan 17 BMO|services|85.400002|20070
FAST|138|NASDAQ|2019|08|19|15|30|2596600|30.73|30.280001|30.66|30.389999|industrialequipmentwholesale|0.1|2|4.5|24.719999|2.93|21948|usa|0.13|0.13|7.49|Jan 17 BMO|services|85.400002|20070
FAST|139|NASDAQ|2019|08|16|15|30|2860700|30.040001|29.309999|29.98|29.52|industrialequipmentwholesale|0.1|2|4.5|24.719999|2.93|21948|usa|0.13|0.13|7.49|Jan 17 BMO|services|85.400002|20070
FAST|140|NASDAQ|2019|08|15|15|30|3692400|29.48|29.059999|29.280001|29.290001|industrialequipmentwholesale|0.1|2|4.5|24.719999|2.93|21948|usa|0.13|0.13|7.49|Jan 17 BMO|services|85.400002|20070
FAST|141|NASDAQ|2019|08|14|15|30|3356100|29.67|29.01|29.16|29.610001|industrialequipmentwholesale|0.1|2|4.5|24.719999|2.93|21948|usa|0.13|0.13|7.49|Jan 17 BMO|services|85.400002|20070
FAST|142|NASDAQ|2019|08|13|15|30|6533300|30.93|29.209999|29.959999|29.43|industrialequipmentwholesale|0.1|2|4.5|24.719999|2.93|21948|usa|0.13|0.13|7.49|Jan 17 BMO|services|85.400002|20070
FAST|143|NASDAQ|2019|08|12|15|30|4540000|29.65|29.24|29.389999|29.51|industrialequipmentwholesale|0.1|2|4.5|24.719999|2.93|21948|usa|0.13|0.13|7.49|Jan 17 BMO|services|85.400002|20070
FAST|144|NASDAQ|2019|08|09|15|30|3080300|29.870001|29.290001|29.74|29.700001|industrialequipmentwholesale|0.1|2|4.5|24.719999|2.93|21948|usa|0.13|0.13|7.49|Jan 17 BMO|services|85.400002|20070
FAST|145|NASDAQ|2019|08|08|15|30|6160300|29.870001|29.379999|29.74|29.379999|industrialequipmentwholesale|0.1|2|4.5|24.719999|2.93|21948|usa|0.13|0.13|7.49|Jan 17 BMO|services|85.400002|20070
FAST|146|NASDAQ|2019|08|07|15|30|5567700|29.48|28.379999|29.26|28.75|industrialequipmentwholesale|0.1|2|4.5|24.719999|2.93|21948|usa|0.13|0.13|7.49|Jan 17 BMO|services|85.400002|20070
FAST|147|NASDAQ|2019|08|06|15|30|5753800|29.549999|28.57|29.200001|28.639999|industrialequipmentwholesale|0.1|2|4.5|24.719999|2.93|21948|usa|0.13|0.13|7.49|Jan 17 BMO|services|85.400002|20070
FAST|148|NASDAQ|2019|08|05|15|30|5169800|29|28.41|28.559999|28.99|industrialequipmentwholesale|0.1|2|4.5|24.719999|2.93|21948|usa|0.13|0.13|7.49|Jan 17 BMO|services|85.400002|20070
FAST|149|NASDAQ|2019|08|02|15|30|5787000|29.66|28.799999|29.620001|29.379999|industrialequipmentwholesale|0.1|2|4.5|24.719999|2.93|21948|usa|0.13|0.13|7.49|Jan 17 BMO|services|85.400002|20070
FAST|150|NASDAQ|2019|08|01|15|30|7954000|30.99|29.51|29.629999|30.84|industrialequipmentwholesale|0.1|2|4.5|24.719999|2.93|21948|usa|0.13|0.13|7.49|Jan 17 BMO|services|85.400002|20070
FAST|151|NASDAQ|2019|07|31|15|30|7474400|31.620001|30.52|30.799999|31.6|industrialequipmentwholesale|0.1|2|4.5|24.719999|2.93|21948|usa|0.13|0.13|7.49|Jan 17 BMO|services|85.400002|20070
FAST|152|NASDAQ|2019|07|30|15|30|2526000|31.73|31.040001|31.610001|31.16|industrialequipmentwholesale|0.1|2|4.5|24.719999|2.93|21948|usa|0.13|0.13|7.49|Jan 17 BMO|services|85.400002|20070
FAST|153|NASDAQ|2019|07|29|15|30|2637900|31.83|31.23|31.32|31.6|industrialequipmentwholesale|0.1|2|4.5|24.719999|2.93|21948|usa|0.13|0.13|7.49|Jan 17 BMO|services|85.400002|20070
FAST|154|NASDAQ|2019|07|26|15|30|2826700|31.74|31.290001|31.629999|31.48|industrialequipmentwholesale|0.1|2|4.5|24.719999|2.93|21948|usa|0.13|0.13|7.49|Jan 17 BMO|services|85.400002|20070
FAST|155|NASDAQ|2019|07|25|15|30|4185600|32.080002|31.389999|31.440001|31.950001|industrialequipmentwholesale|0.1|2|4.5|24.719999|2.93|21948|usa|0.13|0.13|7.49|Jan 17 BMO|services|85.400002|20070
FAST|156|NASDAQ|2019|07|24|15|30|4233600|32|31.1|31.93|31.219999|industrialequipmentwholesale|0.1|2|4.5|24.719999|2.93|21948|usa|0.13|0.13|7.49|Jan 17 BMO|services|85.400002|20070
FAST|157|NASDAQ|2019|07|23|15|30|4194000|31.799999|30.700001|31.690001|30.700001|industrialequipmentwholesale|0.1|2|4.5|24.719999|2.93|21948|usa|0.13|0.13|7.49|Jan 17 BMO|services|85.400002|20070
FAST|158|NASDAQ|2019|07|22|15|30|5957700|30.9|30.5|30.639999|30.52|industrialequipmentwholesale|0.1|2|4.5|24.719999|2.93|21948|usa|0.13|0.13|7.49|Jan 17 BMO|services|85.400002|20070
FAST|159|NASDAQ|2019|07|19|15|30|3201100|30.91|30.34|30.370001|30.530001|industrialequipmentwholesale|0.1|2|4.5|24.719999|2.93|21948|usa|0.13|0.13|7.49|Jan 17 BMO|services|85.400002|20070
FAST|160|NASDAQ|2019|07|18|15|30|5823200|30.540001|30.040001|30.299999|30.450001|industrialequipmentwholesale|0.1|2|4.5|24.719999|2.93|21948|usa|0.13|0.13|7.49|Jan 17 BMO|services|85.400002|20070
FAST|161|NASDAQ|2019|07|17|15|30|3618600|31.299999|30.59|30.59|31.209999|industrialequipmentwholesale|0.1|2|4.5|24.719999|2.93|21948|usa|0.13|0.13|7.49|Jan 17 BMO|services|85.400002|20070
FAST|162|NASDAQ|2019|07|16|15|30|4699700|31.389999|30.540001|31.280001|30.540001|industrialequipmentwholesale|0.1|2|4.5|24.719999|2.93|21948|usa|0.13|0.13|7.49|Jan 17 BMO|services|85.400002|20070
FAST|163|NASDAQ|2019|07|15|15|30|3408300|31.09|30.66|30.68|30.98|industrialequipmentwholesale|0.1|2|4.5|24.719999|2.93|21948|usa|0.13|0.13|7.49|Jan 17 BMO|services|85.400002|20070
FAST|164|NASDAQ|2019|07|12|15|30|8463700|31.209999|30.1|30.950001|30.360001|industrialequipmentwholesale|0.1|2|4.5|24.719999|2.93|21948|usa|0.13|0.13|7.49|Jan 17 BMO|services|85.400002|20070
FAST|165|NASDAQ|2019|07|11|15|30|17244000|30.450001|29.440001|30.360001|29.870001|industrialequipmentwholesale|0.1|2|4.5|24.719999|2.93|21948|usa|0.13|0.13|7.49|Jan 17 BMO|services|85.400002|20070
FAST|166|NASDAQ|2019|07|10|15|30|8293700|31.799999|30.91|31.25|31.700001|industrialequipmentwholesale|0.1|2|4.5|24.719999|2.93|21948|usa|0.13|0.13|7.49|Jan 17 BMO|services|85.400002|20070
FAST|167|NASDAQ|2019|07|09|15|30|6439500|31.719999|31.200001|31.57|31.610001|industrialequipmentwholesale|0.1|2|4.5|24.719999|2.93|21948|usa|0.13|0.13|7.49|Jan 17 BMO|services|85.400002|20070
FAST|168|NASDAQ|2019|07|08|15|30|3462400|32.130001|31.709999|31.83|32.049999|industrialequipmentwholesale|0.1|2|4.5|24.719999|2.93|21948|usa|0.13|0.13|7.49|Jan 17 BMO|services|85.400002|20070
FAST|169|NASDAQ|2019|07|05|15|30|1983800|32.18|31.68|32.09|32.09|industrialequipmentwholesale|0.1|2|4.5|24.719999|2.93|21948|usa|0.13|0.13|7.49|Jan 17 BMO|services|85.400002|20070
FAST|170|NASDAQ|2019|07|03|15|30|1678300|32.299999|31.92|32.259998|32.259998|industrialequipmentwholesale|0.1|2|4.5|24.719999|2.93|21948|usa|0.13|0.13|7.49|Jan 17 BMO|services|85.400002|20070
FAST|171|NASDAQ|2019|07|02|15|30|3206100|32.610001|31.790001|32.119999|32.540001|industrialequipmentwholesale|0.1|2|4.5|24.719999|2.93|21948|usa|0.13|0.13|7.49|Jan 17 BMO|services|85.400002|20070
FAST|172|NASDAQ|2019|07|01|15|30|4257200|33.09|32.369999|32.66|32.919998|industrialequipmentwholesale|0.1|2|4.5|24.719999|2.93|21948|usa|0.13|0.13|7.49|Jan 17 BMO|services|85.400002|20070
FAST|173|NASDAQ|2019|06|28|15|30|5227100|32.669998|32.110001|32.59|32.34|industrialequipmentwholesale|0.1|2|4.5|24.719999|2.93|21948|usa|0.13|0.13|7.49|Jan 17 BMO|services|85.400002|20070
FAST|174|NASDAQ|2019|06|27|15|30|3425300|32.299999|31.84|32.209999|32.02|industrialequipmentwholesale|0.1|2|4.5|24.719999|2.93|21948|usa|0.13|0.13|7.49|Jan 17 BMO|services|85.400002|20070
FAST|175|NASDAQ|2019|06|26|15|30|3066700|32.330002|31.92|31.950001|32.299999|industrialequipmentwholesale|0.1|2|4.5|24.719999|2.93|21948|usa|0.13|0.13|7.49|Jan 17 BMO|services|85.400002|20070
FAST|176|NASDAQ|2019|06|25|15|30|4032500|32.75|32.009998|32.139999|32.59|industrialequipmentwholesale|0.1|2|4.5|24.719999|2.93|21948|usa|0.13|0.13|7.49|Jan 17 BMO|services|85.400002|20070
FAST|177|NASDAQ|2019|06|24|15|30|3102500|32.830002|32.41|32.610001|32.610001|industrialequipmentwholesale|0.1|2|4.5|24.719999|2.93|21948|usa|0.13|0.13|7.49|Jan 17 BMO|services|85.400002|20070
FAST|178|NASDAQ|2019|06|21|15|30|6595800|33.119999|32.48|32.599998|33.009998|industrialequipmentwholesale|0.1|2|4.5|24.719999|2.93|21948|usa|0.13|0.13|7.49|Jan 17 BMO|services|85.400002|20070
FAST|179|NASDAQ|2019|06|20|15|30|6642400|33.240002|32.560001|33.240002|32.939999|industrialequipmentwholesale|0.1|2|4.5|24.719999|2.93|21948|usa|0.13|0.13|7.49|Jan 17 BMO|services|85.400002|20070
FAST|180|NASDAQ|2019|06|19|15|30|3078700|32.529999|31.84|32.400002|32.139999|industrialequipmentwholesale|0.1|2|4.5|24.719999|2.93|21948|usa|0.13|0.13|7.49|Jan 17 BMO|services|85.400002|20070
FAST|181|NASDAQ|2019|06|18|15|30|4010600|32.240002|31.48|32.110001|31.6|industrialequipmentwholesale|0.1|2|4.5|24.719999|2.93|21948|usa|0.13|0.13|7.49|Jan 17 BMO|services|85.400002|20070
FAST|182|NASDAQ|2019|06|17|15|30|2589400|31.790001|31.299999|31.34|31.76|industrialequipmentwholesale|0.1|2|4.5|24.719999|2.93|21948|usa|0.13|0.13|7.49|Jan 17 BMO|services|85.400002|20070
FAST|183|NASDAQ|2019|06|14|15|30|3531900|32.68|31.129999|31.65|32.669998|industrialequipmentwholesale|0.1|2|4.5|24.719999|2.93|21948|usa|0.13|0.13|7.49|Jan 17 BMO|services|85.400002|20070
FAST|184|NASDAQ|2019|06|13|15|30|2958700|32.900002|32.259998|32.73|32.41|industrialequipmentwholesale|0.1|2|4.5|24.719999|2.93|21948|usa|0.13|0.13|7.49|Jan 17 BMO|services|85.400002|20070
FAST|185|NASDAQ|2019|06|12|15|30|2955100|32.630001|32.09|32.27|32.43|industrialequipmentwholesale|0.1|2|4.5|24.719999|2.93|21948|usa|0.13|0.13|7.49|Jan 17 BMO|services|85.400002|20070
FAST|186|NASDAQ|2019|06|11|15|30|2316100|33.029999|32.259998|32.349998|32.91|industrialequipmentwholesale|0.1|2|4.5|24.719999|2.93|21948|usa|0.13|0.13|7.49|Jan 17 BMO|services|85.400002|20070
FAST|187|NASDAQ|2019|06|10|15|30|2194100|32.77|32.330002|32.639999|32.43|industrialequipmentwholesale|0.1|2|4.5|24.719999|2.93|21948|usa|0.13|0.13|7.49|Jan 17 BMO|services|85.400002|20070
FAST|188|NASDAQ|2019|06|07|15|30|4010800|32.560001|31.889999|32.259998|32.040001|industrialequipmentwholesale|0.1|2|4.5|24.719999|2.93|21948|usa|0.13|0.13|7.49|Jan 17 BMO|services|85.400002|20070
FAST|189|NASDAQ|2019|06|06|15|30|5133700|32.59|31.440001|31.959999|32.23|industrialequipmentwholesale|0.1|2|4.5|24.719999|2.93|21948|usa|0.13|0.13|7.49|Jan 17 BMO|services|85.400002|20070
FAST|190|NASDAQ|2019|06|05|15|30|3725300|32.23|31.25|32.18|31.870001|industrialequipmentwholesale|0.1|2|4.5|24.719999|2.93|21948|usa|0.13|0.13|7.49|Jan 17 BMO|services|85.400002|20070
FAST|191|NASDAQ|2019|06|04|15|30|4160300|31.799999|31.110001|31.780001|31.219999|industrialequipmentwholesale|0.1|2|4.5|24.719999|2.93|21948|usa|0.13|0.13|7.49|Jan 17 BMO|services|85.400002|20070
FAST|192|NASDAQ|2019|06|03|15|30|5783200|31.110001|30.01|30.860001|30.01|industrialequipmentwholesale|0.1|2|4.5|24.719999|2.93|21948|usa|0.13|0.13|7.49|Jan 17 BMO|services|85.400002|20070
FAST|193|NASDAQ|2019|05|31|15|30|7071700|30.9|29.98|30.59|30.34|industrialequipmentwholesale|0.1|2|4.5|24.719999|2.93|21948|usa|0.13|0.13|7.49|Jan 17 BMO|services|85.400002|20070
FAST|194|NASDAQ|2019|05|30|15|30|4135800|31.02|30.5|30.719999|30.629999|industrialequipmentwholesale|0.1|2|4.5|24.719999|2.93|21948|usa|0.13|0.13|7.49|Jan 17 BMO|services|85.400002|20070
FAST|195|NASDAQ|2019|05|29|15|30|4156200|30.76|30.110001|30.5|30.299999|industrialequipmentwholesale|0.1|2|4.5|24.719999|2.93|21948|usa|0.13|0.13|7.49|Jan 17 BMO|services|85.400002|20070
FAST|196|NASDAQ|2019|05|28|15|30|6998300|31.129999|30.309999|30.379999|30.91|industrialequipmentwholesale|0.1|2|4.5|24.719999|2.93|21948|usa|0.13|0.13|7.49|Jan 17 BMO|services|85.400002|20070
FAST|197|NASDAQ|2019|05|24|15|30|5881400|31.65|30.719999|30.860001|31.5|industrialequipmentwholesale|0.1|2|4.5|24.719999|2.93|21948|usa|0.13|0.13|7.49|Jan 17 BMO|services|85.400002|20070
FAST|198|NASDAQ|2019|05|23|15|30|4841000|32.720001|31.02|31.34|31.92|industrialequipmentwholesale|0.1|2|4.5|24.719999|2.93|21948|usa|0.13|0.13|7.49|Jan 17 BMO|services|85.400002|20070
FAST|199|NASDAQ|2019|05|22|15|30|1494000|32.610001|32.130001|32.139999|32.419998|industrialequipmentwholesale|0.1|2|4.5|24.719999|2.93|21948|usa|0.13|0.13|7.49|Jan 17 BMO|services|85.400002|20070
FAST|200|NASDAQ|2019|05|21|15|30|1511500|32.779999|32.279999|32.505001|32.330002|industrialequipmentwholesale|0.1|2|4.5|24.719999|2.93|21948|usa|0.13|0.13|7.49|Jan 17 BMO|services|85.400002|20070
FAST|201|NASDAQ|2019|05|20|15|30|1855500|32.255001|31.559999|32.049999|31.6|industrialequipmentwholesale|0.1|2|4.5|24.719999|2.93|21948|usa|0.13|0.13|7.49|Jan 17 BMO|services|85.400002|20070
FAST|202|NASDAQ|2019|05|17|15|30|2086500|32.43|31.860001|32.084999|32.115002|industrialequipmentwholesale|0.1|2|4.5|24.719999|2.93|21948|usa|0.13|0.13|7.49|Jan 17 BMO|services|85.400002|20070
FAST|203|NASDAQ|2019|05|16|15|30|1811600|32.794998|32.224998|32.305|32.375|industrialequipmentwholesale|0.1|2|4.5|24.719999|2.93|21948|usa|0.13|0.13|7.49|Jan 17 BMO|services|85.400002|20070
FAST|204|NASDAQ|2019|05|15|15|30|2222300|32.325001|31.745001|32.16|31.825001|industrialequipmentwholesale|0.1|2|4.5|24.719999|2.93|21948|usa|0.13|0.13|7.49|Jan 17 BMO|services|85.400002|20070
FAST|205|NASDAQ|2019|05|14|15|30|1707600|32.384998|31.875|32.080002|31.924999|industrialequipmentwholesale|0.1|2|4.5|24.719999|2.93|21948|usa|0.13|0.13|7.49|Jan 17 BMO|services|85.400002|20070
FAST|206|NASDAQ|2019|05|13|15|30|2769700|32.145|31.575001|31.889999|32.055|industrialequipmentwholesale|0.1|2|4.5|24.719999|2.93|21948|usa|0.13|0.13|7.49|Jan 17 BMO|services|85.400002|20070
FAST|207|NASDAQ|2019|05|10|15|30|2382800|33.025002|32.215|32.82|32.794998|industrialequipmentwholesale|0.1|2|4.5|24.719999|2.93|21948|usa|0.13|0.13|7.49|Jan 17 BMO|services|85.400002|20070
FAST|208|NASDAQ|2019|05|09|15|30|2222100|33.185001|32.455002|33.005001|32.615002|industrialequipmentwholesale|0.1|2|4.5|24.719999|2.93|21948|usa|0.13|0.13|7.49|Jan 17 BMO|services|85.400002|20070
FAST|209|NASDAQ|2019|05|08|15|30|2548100|33.450001|33.02|33.09|33.25|industrialequipmentwholesale|0.1|2|4.5|24.719999|2.93|21948|usa|0.13|0.13|7.49|Jan 17 BMO|services|85.400002|20070
FAST|210|NASDAQ|2019|05|07|15|30|4224300|33.52|32.855|33.25|33.349998|industrialequipmentwholesale|0.1|2|4.5|24.719999|2.93|21948|usa|0.13|0.13|7.49|Jan 17 BMO|services|85.400002|20070
FAST|211|NASDAQ|2019|05|06|15|30|3939000|34.09|33.455002|33.98|33.465|industrialequipmentwholesale|0.1|2|4.5|24.719999|2.93|21948|usa|0.13|0.13|7.49|Jan 17 BMO|services|85.400002|20070
FAST|212|NASDAQ|2019|05|03|15|30|2696100|35.494999|34.955002|35.435001|35.119999|industrialequipmentwholesale|0.1|2|4.5|24.719999|2.93|21948|usa|0.13|0.13|7.49|Jan 17 BMO|services|85.400002|20070
FAST|213|NASDAQ|2019|05|02|15|30|2641100|34.939999|34.389999|34.924999|34.580002|industrialequipmentwholesale|0.1|2|4.5|24.719999|2.93|21948|usa|0.13|0.13|7.49|Jan 17 BMO|services|85.400002|20070
FAST|214|NASDAQ|2019|05|01|15|30|2281400|35.41|34.48|34.634998|35.294998|industrialequipmentwholesale|0.1|2|4.5|24.719999|2.93|21948|usa|0.13|0.13|7.49|Jan 17 BMO|services|85.400002|20070
FAST|215|NASDAQ|2019|04|30|15|30|2242800|35.455002|35.064999|35.275002|35.25|industrialequipmentwholesale|0.1|2|4.5|24.719999|2.93|21948|usa|0.13|0.13|7.49|Jan 17 BMO|services|85.400002|20070
FAST|216|NASDAQ|2019|04|29|15|30|2678400|35.849998|35.145|35.215|35.709999|industrialequipmentwholesale|0.1|2|4.5|24.719999|2.93|21948|usa|0.13|0.13|7.49|Jan 17 BMO|services|85.400002|20070
FAST|217|NASDAQ|2019|04|26|15|30|1580100|35.669998|35.404999|35.639999|35.514999|industrialequipmentwholesale|0.1|2|4.5|24.719999|2.93|21948|usa|0.13|0.13|7.49|Jan 17 BMO|services|85.400002|20070
FAST|218|NASDAQ|2019|04|25|15|30|1807200|35.66|34.955002|35.48|35.369999|industrialequipmentwholesale|0.1|2|4.5|24.719999|2.93|21948|usa|0.13|0.13|7.49|Jan 17 BMO|services|85.400002|20070
FAST|219|NASDAQ|2019|04|24|15|30|1756700|35.939999|35.560001|35.674999|35.59|industrialequipmentwholesale|0.1|2|4.5|24.719999|2.93|21948|usa|0.13|0.13|7.49|Jan 17 BMO|services|85.400002|20070
FAST|220|NASDAQ|2019|04|23|15|30|2159900|35.685001|34.759998|35.549999|34.779999|industrialequipmentwholesale|0.1|2|4.5|24.719999|2.93|21948|usa|0.13|0.13|7.49|Jan 17 BMO|services|85.400002|20070
FAST|221|NASDAQ|2019|04|22|15|30|2434800|35.720001|34.884998|35.049999|35.57|industrialequipmentwholesale|0.1|2|4.5|24.719999|2.93|21948|usa|0.13|0.13|7.49|Jan 17 BMO|services|85.400002|20070
FAST|222|NASDAQ|2019|04|18|15|30|2467500|35.555|34.98|35.540001|35.294998|industrialequipmentwholesale|0.1|2|4.5|24.719999|2.93|21948|usa|0.13|0.13|7.49|Jan 17 BMO|services|85.400002|20070
FAST|223|NASDAQ|2019|04|17|15|30|1693700|35.18|34.82|35.064999|34.924999|industrialequipmentwholesale|0.1|2|4.5|24.719999|2.93|21948|usa|0.13|0.13|7.49|Jan 17 BMO|services|85.400002|20070
FAST|224|NASDAQ|2019|04|16|15|30|2781000|34.814999|34.384998|34.759998|34.52|industrialequipmentwholesale|0.1|2|4.5|24.719999|2.93|21948|usa|0.13|0.13|7.49|Jan 17 BMO|services|85.400002|20070
FAST|225|NASDAQ|2019|04|15|15|30|1973800|34.939999|34.34|34.384998|34.68|industrialequipmentwholesale|0.1|2|4.5|24.719999|2.93|21948|usa|0.13|0.13|7.49|Jan 17 BMO|services|85.400002|20070
FAST|226|NASDAQ|2019|04|12|15|30|3129700|34.900002|34.110001|34.855|34.384998|industrialequipmentwholesale|0.1|2|4.5|24.719999|2.93|21948|usa|0.13|0.13|7.49|Jan 17 BMO|services|85.400002|20070
FAST|227|NASDAQ|2019|04|11|15|30|5969500|34.599998|33.5|34.240002|33.785|industrialequipmentwholesale|0.1|2|4.5|24.719999|2.93|21948|usa|0.13|0.13|7.49|Jan 17 BMO|services|85.400002|20070
FAST|228|NASDAQ|2019|04|10|15|30|2721400|32.665001|32.049999|32.595001|32.290001|industrialequipmentwholesale|0.1|2|4.5|24.719999|2.93|21948|usa|0.13|0.13|7.49|Jan 17 BMO|services|85.400002|20070
FAST|229|NASDAQ|2019|04|09|15|30|2340300|33.09|32.435001|32.485001|33.09|industrialequipmentwholesale|0.1|2|4.5|24.719999|2.93|21948|usa|0.13|0.13|7.49|Jan 17 BMO|services|85.400002|20070
FAST|230|NASDAQ|2019|04|08|15|30|1719800|33.544998|33.209999|33.294998|33.330002|industrialequipmentwholesale|0.1|2|4.5|24.719999|2.93|21948|usa|0.13|0.13|7.49|Jan 17 BMO|services|85.400002|20070
FAST|231|NASDAQ|2019|04|05|15|30|1286600|33.419998|33.125|33.334999|33.299999|industrialequipmentwholesale|0.1|2|4.5|24.719999|2.93|21948|usa|0.13|0.13|7.49|Jan 17 BMO|services|85.400002|20070
FAST|232|NASDAQ|2019|04|04|15|30|1076700|33.275002|32.915001|33.16|33.005001|industrialequipmentwholesale|0.1|2|4.5|24.719999|2.93|21948|usa|0.13|0.13|7.49|Jan 17 BMO|services|85.400002|20070
FAST|233|NASDAQ|2019|04|03|15|30|2027300|33.294998|32.834999|32.91|33.084999|industrialequipmentwholesale|0.1|2|4.5|24.719999|2.93|21948|usa|0.13|0.13|7.49|Jan 17 BMO|services|85.400002|20070
FAST|234|NASDAQ|2019|04|02|15|30|1538000|33.055|32.785|33.005001|32.889999|industrialequipmentwholesale|0.1|2|4.5|24.719999|2.93|21948|usa|0.13|0.13|7.49|Jan 17 BMO|services|85.400002|20070
FAST|235|NASDAQ|2019|04|01|15|30|2132000|32.93|32.264999|32.895|32.474998|industrialequipmentwholesale|0.1|2|4.5|24.719999|2.93|21948|usa|0.13|0.13|7.49|Jan 17 BMO|services|85.400002|20070
FAST|236|NASDAQ|2019|03|29|14|30|1864400|32.27|31.915001|32.154999|31.995001|industrialequipmentwholesale|0.1|2|4.5|24.719999|2.93|21948|usa|0.13|0.13|7.49|Jan 17 BMO|services|85.400002|20070
FAST|237|NASDAQ|2019|03|28|14|30|1228000|31.825001|31.355|31.754999|31.41|industrialequipmentwholesale|0.1|2|4.5|24.719999|2.93|21948|usa|0.13|0.13|7.49|Jan 17 BMO|services|85.400002|20070
FAST|238|NASDAQ|2019|03|27|14|30|1117500|31.424999|30.98|31.360001|31.215|industrialequipmentwholesale|0.1|2|4.5|24.719999|2.93|21948|usa|0.13|0.13|7.49|Jan 17 BMO|services|85.400002|20070
FAST|239|NASDAQ|2019|03|26|14|30|929000|31.184999|30.855|31.16|31.115|industrialequipmentwholesale|0.1|2|4.5|24.719999|2.93|21948|usa|0.13|0.13|7.49|Jan 17 BMO|services|85.400002|20070
FAST|240|NASDAQ|2019|03|25|14|30|1115900|31.120001|30.780001|30.950001|30.885|industrialequipmentwholesale|0.1|2|4.5|24.719999|2.93|21948|usa|0.13|0.13|7.49|Jan 17 BMO|services|85.400002|20070
FAST|241|NASDAQ|2019|03|22|14|30|1700400|31.895|30.83|30.85|31.735001|industrialequipmentwholesale|0.1|2|4.5|24.719999|2.93|21948|usa|0.13|0.13|7.49|Jan 17 BMO|services|85.400002|20070
FAST|242|NASDAQ|2019|03|21|14|30|1231100|31.985001|31.135|31.940001|31.275|industrialequipmentwholesale|0.1|2|4.5|24.719999|2.93|21948|usa|0.13|0.13|7.49|Jan 17 BMO|services|85.400002|20070
FAST|243|NASDAQ|2019|03|20|14|30|1882900|31.610001|31.035|31.315001|31.225|industrialequipmentwholesale|0.1|2|4.5|24.719999|2.93|21948|usa|0.13|0.13|7.49|Jan 17 BMO|services|85.400002|20070
FAST|244|NASDAQ|2019|03|19|14|30|1517000|31.815001|31.145|31.315001|31.73|industrialequipmentwholesale|0.1|2|4.5|24.719999|2.93|21948|usa|0.13|0.13|7.49|Jan 17 BMO|services|85.400002|20070
FAST|245|NASDAQ|2019|03|18|14|30|1308100|31.594999|31.174999|31.58|31.174999|industrialequipmentwholesale|0.1|2|4.5|24.719999|2.93|21948|usa|0.13|0.13|7.49|Jan 17 BMO|services|85.400002|20070
FAST|246|NASDAQ|2019|03|15|14|30|2741700|31.34|31.014999|31.139999|31.08|industrialequipmentwholesale|0.1|2|4.5|24.719999|2.93|21948|usa|0.13|0.13|7.49|Jan 17 BMO|services|85.400002|20070
FAST|247|NASDAQ|2019|03|14|14|30|1406300|31.32|30.945|31.094999|31.280001|industrialequipmentwholesale|0.1|2|4.5|24.719999|2.93|21948|usa|0.13|0.13|7.49|Jan 17 BMO|services|85.400002|20070
FAST|248|NASDAQ|2019|03|13|14|30|1663700|31.405001|31.084999|31.34|31.1|industrialequipmentwholesale|0.1|2|4.5|24.719999|2.93|21948|usa|0.13|0.13|7.49|Jan 17 BMO|services|85.400002|20070
FAST|249|NASDAQ|2019|03|12|14|30|1361000|31.184999|30.780001|31.084999|30.955|industrialequipmentwholesale|0.1|2|4.5|24.719999|2.93|21948|usa|0.13|0.13|7.49|Jan 17 BMO|services|85.400002|20070
FAST|250|NASDAQ|2019|03|11|14|30|1680500|30.9|30.700001|30.860001|30.715|industrialequipmentwholesale|0.1|2|4.5|24.719999|2.93|21948|usa|0.13|0.13|7.49|Jan 17 BMO|services|85.400002|20070
