empresa|antiguedad|mercado|anio|mes|dia|hora|minuto|volumen|high|low|close|open|industria|Insider Own|Quick Ratio|Current Ratio|P/E|Dividend %|Employees|geo|Debt/Eq|LT Debt/Eq|EPS next Y|Earnings|sector|Inst Own|Market Cap
HTLF|0|NASDAQ|2020|03|06|15|30|138400|41.849998|39.950001|40.900002|40.330002|regionalsouthwestbanks|1.7|-|-|9.9|1.96|1908|usa|0|0.17|11.34|Jan 27 AMC|financial|57.700001|1600
HTLF|1|NASDAQ|2020|03|05|15|30|142200|43.18|41.630001|42.240002|42.860001|regionalsouthwestbanks|1.7|-|-|9.9|1.96|1908|usa|0|0.17|11.34|Jan 27 AMC|financial|57.700001|1600
HTLF|2|NASDAQ|2020|03|04|15|30|94100|44.27|43.049999|44.169998|44.119999|regionalsouthwestbanks|1.7|-|-|9.9|1.96|1908|usa|0|0.17|11.34|Jan 27 AMC|financial|57.700001|1600
HTLF|3|NASDAQ|2020|03|03|15|30|111300|45.740002|43.310001|43.630001|45.130001|regionalsouthwestbanks|1.7|-|-|9.9|1.96|1908|usa|0|0.17|11.34|Jan 27 AMC|financial|57.700001|1600
HTLF|4|NASDAQ|2020|03|02|15|30|119000|45.34|42.48|45.279999|42.869999|regionalsouthwestbanks|1.7|-|-|9.9|1.96|1908|usa|0|0.17|11.34|Jan 27 AMC|financial|57.700001|1600
HTLF|5|NASDAQ|2020|02|28|15|30|248700|44.84|41.77|42.849998|44.189999|regionalsouthwestbanks|1.7|-|-|9.9|1.96|1908|usa|0|0.17|11.34|Jan 27 AMC|financial|57.700001|1600
HTLF|6|NASDAQ|2020|02|27|15|30|171300|48.009998|45.470001|45.48|46.799999|regionalsouthwestbanks|1.7|-|-|9.9|1.96|1908|usa|0|0.17|11.34|Jan 27 AMC|financial|57.700001|1600
HTLF|7|NASDAQ|2020|02|26|15|30|134200|48.73|47.639999|47.689999|48.279999|regionalsouthwestbanks|1.7|-|-|9.9|1.96|1908|usa|0|0.17|11.34|Jan 27 AMC|financial|57.700001|1600
HTLF|8|NASDAQ|2020|02|25|15|30|141300|49.5|47.93|48.02|49.5|regionalsouthwestbanks|1.7|-|-|9.9|1.96|1908|usa|0|0.17|11.34|Jan 27 AMC|financial|57.700001|1600
HTLF|9|NASDAQ|2020|02|24|15|30|103800|49.799999|49.259998|49.380001|49.490002|regionalsouthwestbanks|1.7|-|-|9.9|1.96|1908|usa|0|0.17|11.34|Jan 27 AMC|financial|57.700001|1600
HTLF|10|NASDAQ|2020|02|21|15|30|105800|51.380001|50.889999|50.93|51.380001|regionalsouthwestbanks|1.7|-|-|9.9|1.96|1908|usa|0|0.17|11.34|Jan 27 AMC|financial|57.700001|1600
HTLF|11|NASDAQ|2020|02|20|15|30|102300|51.849998|50.810001|51.52|50.919998|regionalsouthwestbanks|1.7|-|-|9.9|1.96|1908|usa|0|0.17|11.34|Jan 27 AMC|financial|57.700001|1600
HTLF|12|NASDAQ|2020|02|19|15|30|117100|51.130001|50.560001|50.919998|50.599998|regionalsouthwestbanks|1.7|-|-|9.9|1.96|1908|usa|0|0.17|11.34|Jan 27 AMC|financial|57.700001|1600
HTLF|13|NASDAQ|2020|02|18|15|30|122500|50.619999|50.049999|50.279999|50.310001|regionalsouthwestbanks|1.7|-|-|9.9|1.96|1908|usa|0|0.17|11.34|Jan 27 AMC|financial|57.700001|1600
HTLF|14|NASDAQ|2020|02|14|15|30|94000|50.84|50.259998|50.580002|50.740002|regionalsouthwestbanks|1.7|-|-|9.9|1.96|1908|usa|0|0.17|11.34|Jan 27 AMC|financial|57.700001|1600
HTLF|15|NASDAQ|2020|02|13|15|30|96000|50.950001|50.009998|50.779999|50.619999|regionalsouthwestbanks|1.7|-|-|9.9|1.96|1908|usa|0|0.17|11.34|Jan 27 AMC|financial|57.700001|1600
HTLF|16|NASDAQ|2020|02|12|15|30|135900|50.860001|49.98|50.82|50.439999|regionalsouthwestbanks|1.7|-|-|9.9|1.96|1908|usa|0|0.17|11.34|Jan 27 AMC|financial|57.700001|1600
HTLF|17|NASDAQ|2020|02|11|15|30|50100|50.549999|49.73|49.84|50.130001|regionalsouthwestbanks|1.7|-|-|9.9|1.96|1908|usa|0|0.17|11.34|Jan 27 AMC|financial|57.700001|1600
HTLF|18|NASDAQ|2020|02|10|15|30|45800|49.919998|49.02|49.880001|49.669998|regionalsouthwestbanks|1.7|-|-|9.9|1.96|1908|usa|0|0.17|11.34|Jan 27 AMC|financial|57.700001|1600
HTLF|19|NASDAQ|2020|02|07|15|30|68200|50.060001|49.509998|49.740002|49.810001|regionalsouthwestbanks|1.7|-|-|9.9|1.96|1908|usa|0|0.17|11.34|Jan 27 AMC|financial|57.700001|1600
HTLF|20|NASDAQ|2020|02|06|15|30|60100|51.150002|50.240002|50.240002|51.150002|regionalsouthwestbanks|1.7|-|-|9.9|1.96|1908|usa|0|0.17|11.34|Jan 27 AMC|financial|57.700001|1600
HTLF|21|NASDAQ|2020|02|05|15|30|144200|50.860001|50.200001|50.77|50.34|regionalsouthwestbanks|1.7|-|-|9.9|1.96|1908|usa|0|0.17|11.34|Jan 27 AMC|financial|57.700001|1600
HTLF|22|NASDAQ|2020|02|04|15|30|90000|50.25|49.73|49.82|49.93|regionalsouthwestbanks|1.7|-|-|9.9|1.96|1908|usa|0|0.17|11.34|Jan 27 AMC|financial|57.700001|1600
HTLF|23|NASDAQ|2020|02|03|15|30|103000|49.490002|48.810001|49.360001|49.189999|regionalsouthwestbanks|1.7|-|-|9.9|1.96|1908|usa|0|0.17|11.34|Jan 27 AMC|financial|57.700001|1600
HTLF|24|NASDAQ|2020|01|31|15|30|144800|49.689999|48.740002|48.91|49.619999|regionalsouthwestbanks|1.7|-|-|9.9|1.96|1908|usa|0|0.17|11.34|Jan 27 AMC|financial|57.700001|1600
HTLF|25|NASDAQ|2020|01|30|15|30|159600|50.560001|49.09|50.009998|49.860001|regionalsouthwestbanks|1.7|-|-|9.9|1.96|1908|usa|0|0.17|11.34|Jan 27 AMC|financial|57.700001|1600
HTLF|26|NASDAQ|2020|01|29|15|30|172100|51.029999|50.150002|50.23|50.639999|regionalsouthwestbanks|1.7|-|-|9.9|1.96|1908|usa|0|0.17|11.34|Jan 27 AMC|financial|57.700001|1600
HTLF|27|NASDAQ|2020|01|28|15|30|331300|51.630001|48.18|50.48|50|regionalsouthwestbanks|1.7|-|-|9.9|1.96|1908|usa|0|0.17|11.34|Jan 27 AMC|financial|57.700001|1600
HTLF|28|NASDAQ|2020|01|27|15|30|126500|47.57|46.66|47.259998|46.900002|regionalsouthwestbanks|1.7|-|-|9.9|1.96|1908|usa|0|0.17|11.34|Jan 27 AMC|financial|57.700001|1600
HTLF|29|NASDAQ|2020|01|24|15|30|94100|48.48|47.290001|47.959999|48.169998|regionalsouthwestbanks|1.7|-|-|9.9|1.96|1908|usa|0|0.17|11.34|Jan 27 AMC|financial|57.700001|1600
HTLF|30|NASDAQ|2020|01|23|15|30|119000|48.25|47.43|48.099998|47.849998|regionalsouthwestbanks|1.7|-|-|9.9|1.96|1908|usa|0|0.17|11.34|Jan 27 AMC|financial|57.700001|1600
HTLF|31|NASDAQ|2020|01|22|15|30|103600|48.529999|47.950001|48.099998|48.400002|regionalsouthwestbanks|1.7|-|-|9.9|1.96|1908|usa|0|0.17|11.34|Jan 27 AMC|financial|57.700001|1600
HTLF|32|NASDAQ|2020|01|21|15|30|77700|49.419998|48.369999|48.400002|49.419998|regionalsouthwestbanks|1.7|-|-|9.9|1.96|1908|usa|0|0.17|11.34|Jan 27 AMC|financial|57.700001|1600
HTLF|33|NASDAQ|2020|01|17|15|30|146600|50.5|49.529999|49.610001|50.490002|regionalsouthwestbanks|1.7|-|-|9.9|1.96|1908|usa|0|0.17|11.34|Jan 27 AMC|financial|57.700001|1600
HTLF|34|NASDAQ|2020|01|16|15|30|137900|50.23|49.689999|50.150002|49.75|regionalsouthwestbanks|1.7|-|-|9.9|1.96|1908|usa|0|0.17|11.34|Jan 27 AMC|financial|57.700001|1600
HTLF|35|NASDAQ|2020|01|15|15|30|169300|50|49.169998|49.450001|49.75|regionalsouthwestbanks|1.7|-|-|9.9|1.96|1908|usa|0|0.17|11.34|Jan 27 AMC|financial|57.700001|1600
HTLF|36|NASDAQ|2020|01|14|15|30|99500|50.09|49.509998|49.91|49.740002|regionalsouthwestbanks|1.7|-|-|9.9|1.96|1908|usa|0|0.17|11.34|Jan 27 AMC|financial|57.700001|1600
HTLF|37|NASDAQ|2020|01|13|15|30|104900|49.98|49.119999|49.959999|49.490002|regionalsouthwestbanks|1.7|-|-|9.9|1.96|1908|usa|0|0.17|11.34|Jan 27 AMC|financial|57.700001|1600
HTLF|38|NASDAQ|2020|01|10|15|30|152700|49.630001|49.080002|49.509998|49.400002|regionalsouthwestbanks|1.7|-|-|9.9|1.96|1908|usa|0|0.17|11.34|Jan 27 AMC|financial|57.700001|1600
HTLF|39|NASDAQ|2020|01|09|15|30|61900|49.849998|49.450001|49.580002|49.830002|regionalsouthwestbanks|1.7|-|-|9.9|1.96|1908|usa|0|0.17|11.34|Jan 27 AMC|financial|57.700001|1600
HTLF|40|NASDAQ|2020|01|08|15|30|129100|49.740002|49.110001|49.470001|49.139999|regionalsouthwestbanks|1.7|-|-|9.9|1.96|1908|usa|0|0.17|11.34|Jan 27 AMC|financial|57.700001|1600
HTLF|41|NASDAQ|2020|01|07|15|30|116400|49.279999|48.689999|49.169998|49.099998|regionalsouthwestbanks|1.7|-|-|9.9|1.96|1908|usa|0|0.17|11.34|Jan 27 AMC|financial|57.700001|1600
HTLF|42|NASDAQ|2020|01|06|15|30|142500|49.490002|48.599998|49.310001|48.950001|regionalsouthwestbanks|1.7|-|-|9.9|1.96|1908|usa|0|0.17|11.34|Jan 27 AMC|financial|57.700001|1600
HTLF|43|NASDAQ|2020|01|03|15|30|167000|49.66|48.52|49.490002|48.959999|regionalsouthwestbanks|1.7|-|-|9.9|1.96|1908|usa|0|0.17|11.34|Jan 27 AMC|financial|57.700001|1600
HTLF|44|NASDAQ|2020|01|02|15|30|100400|49.919998|49.169998|49.619999|49.919998|regionalsouthwestbanks|1.7|-|-|9.9|1.96|1908|usa|0|0.17|11.34|Jan 27 AMC|financial|57.700001|1600
HTLF|45|NASDAQ|2019|12|31|15|30|83600|50.040001|49.689999|49.740002|49.759998|regionalsouthwestbanks|1.7|-|-|9.9|1.96|1908|usa|0|0.17|11.34|Jan 27 AMC|financial|57.700001|1600
HTLF|46|NASDAQ|2019|12|30|15|30|125400|50.049999|49.450001|49.849998|49.75|regionalsouthwestbanks|1.7|-|-|9.9|1.96|1908|usa|0|0.17|11.34|Jan 27 AMC|financial|57.700001|1600
HTLF|47|NASDAQ|2019|12|27|15|30|89400|49.610001|49.32|49.580002|49.580002|regionalsouthwestbanks|1.7|-|-|9.9|1.96|1908|usa|0|0.17|11.34|Jan 27 AMC|financial|57.700001|1600
HTLF|48|NASDAQ|2019|12|26|15|30|50300|49.880001|49.400002|49.59|49.610001|regionalsouthwestbanks|1.7|-|-|9.9|1.96|1908|usa|0|0.17|11.34|Jan 27 AMC|financial|57.700001|1600
HTLF|49|NASDAQ|2019|12|24|15|30|36700|49.810001|49.360001|49.650002|49.810001|regionalsouthwestbanks|1.7|-|-|9.9|1.96|1908|usa|0|0.17|11.34|Jan 27 AMC|financial|57.700001|1600
HTLF|50|NASDAQ|2019|12|23|15|30|106800|50|49.34|49.66|49.889999|regionalsouthwestbanks|1.7|-|-|9.9|1.96|1908|usa|0|0.17|11.34|Jan 27 AMC|financial|57.700001|1600
HTLF|51|NASDAQ|2019|12|20|15|30|299100|50.240002|49.490002|49.939999|49.84|regionalsouthwestbanks|1.7|-|-|9.9|1.96|1908|usa|0|0.17|11.34|Jan 27 AMC|financial|57.700001|1600
HTLF|52|NASDAQ|2019|12|19|15|30|125300|49.880001|49.310001|49.619999|49.630001|regionalsouthwestbanks|1.7|-|-|9.9|1.96|1908|usa|0|0.17|11.34|Jan 27 AMC|financial|57.700001|1600
HTLF|53|NASDAQ|2019|12|18|15|30|117100|49.970001|49.529999|49.75|49.970001|regionalsouthwestbanks|1.7|-|-|9.9|1.96|1908|usa|0|0.17|11.34|Jan 27 AMC|financial|57.700001|1600
HTLF|54|NASDAQ|2019|12|17|15|30|143200|49.91|48.02|49.880001|49.240002|regionalsouthwestbanks|1.7|-|-|9.9|1.96|1908|usa|0|0.17|11.34|Jan 27 AMC|financial|57.700001|1600
HTLF|55|NASDAQ|2019|12|16|15|30|153200|49.279999|48.5|49.279999|48.650002|regionalsouthwestbanks|1.7|-|-|9.9|1.96|1908|usa|0|0.17|11.34|Jan 27 AMC|financial|57.700001|1600
HTLF|56|NASDAQ|2019|12|13|15|30|63100|48.599998|47.82|48.41|48.369999|regionalsouthwestbanks|1.7|-|-|9.9|1.96|1908|usa|0|0.17|11.34|Jan 27 AMC|financial|57.700001|1600
HTLF|57|NASDAQ|2019|12|12|15|30|87600|49.119999|47.099998|48.450001|47.84|regionalsouthwestbanks|1.7|-|-|9.9|1.96|1908|usa|0|0.17|11.34|Jan 27 AMC|financial|57.700001|1600
HTLF|58|NASDAQ|2019|12|11|15|30|54700|48|47.630001|47.790001|47.970001|regionalsouthwestbanks|1.7|-|-|9.9|1.96|1908|usa|0|0.17|11.34|Jan 27 AMC|financial|57.700001|1600
HTLF|59|NASDAQ|2019|12|10|15|30|75600|47.849998|46.599998|47.849998|47.52|regionalsouthwestbanks|1.7|-|-|9.9|1.96|1908|usa|0|0.17|11.34|Jan 27 AMC|financial|57.700001|1600
HTLF|60|NASDAQ|2019|12|09|15|30|97100|47.669998|47.110001|47.48|47.400002|regionalsouthwestbanks|1.7|-|-|9.9|1.96|1908|usa|0|0.17|11.34|Jan 27 AMC|financial|57.700001|1600
HTLF|61|NASDAQ|2019|12|06|15|30|61200|48.119999|47.459999|47.59|47.619999|regionalsouthwestbanks|1.7|-|-|9.9|1.96|1908|usa|0|0.17|11.34|Jan 27 AMC|financial|57.700001|1600
HTLF|62|NASDAQ|2019|12|05|15|30|69100|47.32|46.919998|47.02|47.169998|regionalsouthwestbanks|1.7|-|-|9.9|1.96|1908|usa|0|0.17|11.34|Jan 27 AMC|financial|57.700001|1600
HTLF|63|NASDAQ|2019|12|04|15|30|83000|47.049999|46.16|46.93|46.330002|regionalsouthwestbanks|1.7|-|-|9.9|1.96|1908|usa|0|0.17|11.34|Jan 27 AMC|financial|57.700001|1600
HTLF|64|NASDAQ|2019|12|03|15|30|85700|46.380001|45.599998|46.25|46.330002|regionalsouthwestbanks|1.7|-|-|9.9|1.96|1908|usa|0|0.17|11.34|Jan 27 AMC|financial|57.700001|1600
HTLF|65|NASDAQ|2019|12|02|15|30|86100|47.669998|46.490002|46.720001|47.400002|regionalsouthwestbanks|1.7|-|-|9.9|1.96|1908|usa|0|0.17|11.34|Jan 27 AMC|financial|57.700001|1600
HTLF|66|NASDAQ|2019|11|29|15|30|38700|47.639999|47.040001|47.220001|47.610001|regionalsouthwestbanks|1.7|-|-|9.9|1.96|1908|usa|0|0.17|11.34|Jan 27 AMC|financial|57.700001|1600
HTLF|67|NASDAQ|2019|11|27|15|30|69100|47.709999|47.259998|47.639999|47.580002|regionalsouthwestbanks|1.7|-|-|9.9|1.96|1908|usa|0|0.17|11.34|Jan 27 AMC|financial|57.700001|1600
HTLF|68|NASDAQ|2019|11|26|15|30|60500|47.84|47.25|47.43|47.549999|regionalsouthwestbanks|1.7|-|-|9.9|1.96|1908|usa|0|0.17|11.34|Jan 27 AMC|financial|57.700001|1600
HTLF|69|NASDAQ|2019|11|25|15|30|80100|47.919998|46.43|47.68|46.43|regionalsouthwestbanks|1.7|-|-|9.9|1.96|1908|usa|0|0.17|11.34|Jan 27 AMC|financial|57.700001|1600
HTLF|70|NASDAQ|2019|11|22|15|30|64700|47|46.48|46.700001|46.580002|regionalsouthwestbanks|1.7|-|-|9.9|1.96|1908|usa|0|0.17|11.34|Jan 27 AMC|financial|57.700001|1600
HTLF|71|NASDAQ|2019|11|21|15|30|63700|46.779999|45.98|46.41|46.779999|regionalsouthwestbanks|1.7|-|-|9.9|1.96|1908|usa|0|0.17|11.34|Jan 27 AMC|financial|57.700001|1600
HTLF|72|NASDAQ|2019|11|20|15|30|114600|47.220001|46.330002|46.490002|46.880001|regionalsouthwestbanks|1.7|-|-|9.9|1.96|1908|usa|0|0.17|11.34|Jan 27 AMC|financial|57.700001|1600
HTLF|73|NASDAQ|2019|11|19|15|30|57000|47.330002|46.689999|47.209999|46.970001|regionalsouthwestbanks|1.7|-|-|9.9|1.96|1908|usa|0|0.17|11.34|Jan 27 AMC|financial|57.700001|1600
HTLF|74|NASDAQ|2019|11|18|15|30|48900|46.900002|46.290001|46.709999|46.82|regionalsouthwestbanks|1.7|-|-|9.9|1.96|1908|usa|0|0.17|11.34|Jan 27 AMC|financial|57.700001|1600
HTLF|75|NASDAQ|2019|11|15|15|30|57900|47.689999|46.279999|47.07|47.360001|regionalsouthwestbanks|1.7|-|-|9.9|1.96|1908|usa|0|0.17|11.34|Jan 27 AMC|financial|57.700001|1600
HTLF|76|NASDAQ|2019|11|14|15|30|51200|47.630001|47|47.099998|47.299999|regionalsouthwestbanks|1.7|-|-|9.9|1.96|1908|usa|0|0.17|11.34|Jan 27 AMC|financial|57.700001|1600
HTLF|77|NASDAQ|2019|11|13|15|30|69800|47.66|47.169998|47.52|47.470001|regionalsouthwestbanks|1.7|-|-|9.9|1.96|1908|usa|0|0.17|11.34|Jan 27 AMC|financial|57.700001|1600
HTLF|78|NASDAQ|2019|11|12|15|30|49600|47.900002|47.25|47.759998|47.580002|regionalsouthwestbanks|1.7|-|-|9.9|1.96|1908|usa|0|0.17|11.34|Jan 27 AMC|financial|57.700001|1600
HTLF|79|NASDAQ|2019|11|11|15|30|41600|47.950001|47.52|47.630001|47.599998|regionalsouthwestbanks|1.7|-|-|9.9|1.96|1908|usa|0|0.17|11.34|Jan 27 AMC|financial|57.700001|1600
HTLF|80|NASDAQ|2019|11|08|15|30|67700|48.48|47.75|47.91|48|regionalsouthwestbanks|1.7|-|-|9.9|1.96|1908|usa|0|0.17|11.34|Jan 27 AMC|financial|57.700001|1600
HTLF|81|NASDAQ|2019|11|07|15|30|55300|48.75|48.080002|48.18|48.360001|regionalsouthwestbanks|1.7|-|-|9.9|1.96|1908|usa|0|0.17|11.34|Jan 27 AMC|financial|57.700001|1600
HTLF|82|NASDAQ|2019|11|06|15|30|57800|48.110001|47.540001|47.990002|48.110001|regionalsouthwestbanks|1.7|-|-|9.9|1.96|1908|usa|0|0.17|11.34|Jan 27 AMC|financial|57.700001|1600
HTLF|83|NASDAQ|2019|11|05|15|30|77400|48.900002|47.869999|48.25|48.16|regionalsouthwestbanks|1.7|-|-|9.9|1.96|1908|usa|0|0.17|11.34|Jan 27 AMC|financial|57.700001|1600
HTLF|84|NASDAQ|2019|11|04|15|30|116500|48.330002|47.439999|48.23|48|regionalsouthwestbanks|1.7|-|-|9.9|1.96|1908|usa|0|0.17|11.34|Jan 27 AMC|financial|57.700001|1600
HTLF|85|NASDAQ|2019|11|01|14|30|148400|47.970001|46.990002|47.889999|46.990002|regionalsouthwestbanks|1.7|-|-|9.9|1.96|1908|usa|0|0.17|11.34|Jan 27 AMC|financial|57.700001|1600
HTLF|86|NASDAQ|2019|10|31|14|30|106700|47.450001|46.34|46.779999|47.450001|regionalsouthwestbanks|1.7|-|-|9.9|1.96|1908|usa|0|0.17|11.34|Jan 27 AMC|financial|57.700001|1600
HTLF|87|NASDAQ|2019|10|30|14|30|115600|47.790001|47.009998|47.57|47.790001|regionalsouthwestbanks|1.7|-|-|9.9|1.96|1908|usa|0|0.17|11.34|Jan 27 AMC|financial|57.700001|1600
HTLF|88|NASDAQ|2019|10|29|14|30|104200|47.779999|46.240002|47.650002|46.59|regionalsouthwestbanks|1.7|-|-|9.9|1.96|1908|usa|0|0.17|11.34|Jan 27 AMC|financial|57.700001|1600
HTLF|89|NASDAQ|2019|10|28|14|30|76900|47.119999|46.169998|46.84|46.169998|regionalsouthwestbanks|1.7|-|-|9.9|1.96|1908|usa|0|0.17|11.34|Jan 27 AMC|financial|57.700001|1600
HTLF|90|NASDAQ|2019|10|25|15|30|87800|46.200001|45.57|46|45.599998|regionalsouthwestbanks|1.7|-|-|9.9|1.96|1908|usa|0|0.17|11.34|Jan 27 AMC|financial|57.700001|1600
HTLF|91|NASDAQ|2019|10|24|15|30|70600|46|45.34|45.439999|46|regionalsouthwestbanks|1.7|-|-|9.9|1.96|1908|usa|0|0.17|11.34|Jan 27 AMC|financial|57.700001|1600
HTLF|92|NASDAQ|2019|10|23|15|30|57600|45.91|45.470001|45.91|45.810001|regionalsouthwestbanks|1.7|-|-|9.9|1.96|1908|usa|0|0.17|11.34|Jan 27 AMC|financial|57.700001|1600
HTLF|93|NASDAQ|2019|10|22|15|30|98700|46.560001|45.169998|45.849998|45.509998|regionalsouthwestbanks|1.7|-|-|9.9|1.96|1908|usa|0|0.17|11.34|Jan 27 AMC|financial|57.700001|1600
HTLF|94|NASDAQ|2019|10|21|15|30|200300|45.720001|44.830002|45.599998|44.91|regionalsouthwestbanks|1.7|-|-|9.9|1.96|1908|usa|0|0.17|11.34|Jan 27 AMC|financial|57.700001|1600
HTLF|95|NASDAQ|2019|10|18|15|30|116300|45|44.48|44.84|44.48|regionalsouthwestbanks|1.7|-|-|9.9|1.96|1908|usa|0|0.17|11.34|Jan 27 AMC|financial|57.700001|1600
HTLF|96|NASDAQ|2019|10|17|15|30|100100|44.860001|44.259998|44.720001|44.700001|regionalsouthwestbanks|1.7|-|-|9.9|1.96|1908|usa|0|0.17|11.34|Jan 27 AMC|financial|57.700001|1600
HTLF|97|NASDAQ|2019|10|16|15|30|85900|45.25|44.360001|44.630001|44.849998|regionalsouthwestbanks|1.7|-|-|9.9|1.96|1908|usa|0|0.17|11.34|Jan 27 AMC|financial|57.700001|1600
HTLF|98|NASDAQ|2019|10|15|15|30|124700|45.16|44.110001|44.98|44.389999|regionalsouthwestbanks|1.7|-|-|9.9|1.96|1908|usa|0|0.17|11.34|Jan 27 AMC|financial|57.700001|1600
HTLF|99|NASDAQ|2019|10|14|15|30|70900|44.549999|44.049999|44.330002|44.299999|regionalsouthwestbanks|1.7|-|-|9.9|1.96|1908|usa|0|0.17|11.34|Jan 27 AMC|financial|57.700001|1600
HTLF|100|NASDAQ|2019|10|11|15|30|141000|45.630001|44.610001|44.689999|44.689999|regionalsouthwestbanks|1.7|-|-|9.9|1.96|1908|usa|0|0.17|11.34|Jan 27 AMC|financial|57.700001|1600
HTLF|101|NASDAQ|2019|10|10|15|30|77000|44.389999|43.720001|43.990002|43.790001|regionalsouthwestbanks|1.7|-|-|9.9|1.96|1908|usa|0|0.17|11.34|Jan 27 AMC|financial|57.700001|1600
HTLF|102|NASDAQ|2019|10|09|15|30|49000|43.919998|43.189999|43.610001|43.919998|regionalsouthwestbanks|1.7|-|-|9.9|1.96|1908|usa|0|0.17|11.34|Jan 27 AMC|financial|57.700001|1600
HTLF|103|NASDAQ|2019|10|08|15|30|137600|44.650002|43.369999|43.450001|44.650002|regionalsouthwestbanks|1.7|-|-|9.9|1.96|1908|usa|0|0.17|11.34|Jan 27 AMC|financial|57.700001|1600
HTLF|104|NASDAQ|2019|10|07|15|30|83800|45.330002|44.599998|44.779999|44.849998|regionalsouthwestbanks|1.7|-|-|9.9|1.96|1908|usa|0|0.17|11.34|Jan 27 AMC|financial|57.700001|1600
HTLF|105|NASDAQ|2019|10|04|15|30|162700|44.869999|44.080002|44.84|44.459999|regionalsouthwestbanks|1.7|-|-|9.9|1.96|1908|usa|0|0.17|11.34|Jan 27 AMC|financial|57.700001|1600
HTLF|106|NASDAQ|2019|10|03|15|30|150300|44.470001|43.400002|44.470001|44.189999|regionalsouthwestbanks|1.7|-|-|9.9|1.96|1908|usa|0|0.17|11.34|Jan 27 AMC|financial|57.700001|1600
HTLF|107|NASDAQ|2019|10|02|15|30|149900|44.27|42.619999|44.25|43.860001|regionalsouthwestbanks|1.7|-|-|9.9|1.96|1908|usa|0|0.17|11.34|Jan 27 AMC|financial|57.700001|1600
HTLF|108|NASDAQ|2019|10|01|15|30|142800|45.16|43.810001|44.040001|44.869999|regionalsouthwestbanks|1.7|-|-|9.9|1.96|1908|usa|0|0.17|11.34|Jan 27 AMC|financial|57.700001|1600
HTLF|109|NASDAQ|2019|09|30|15|30|96800|45.139999|44.490002|44.740002|45.07|regionalsouthwestbanks|1.7|-|-|9.9|1.96|1908|usa|0|0.17|11.34|Jan 27 AMC|financial|57.700001|1600
HTLF|110|NASDAQ|2019|09|27|15|30|105300|45.18|44.490002|45.119999|44.490002|regionalsouthwestbanks|1.7|-|-|9.9|1.96|1908|usa|0|0.17|11.34|Jan 27 AMC|financial|57.700001|1600
HTLF|111|NASDAQ|2019|09|26|15|30|86100|45.150002|44.049999|44.09|45.150002|regionalsouthwestbanks|1.7|-|-|9.9|1.96|1908|usa|0|0.17|11.34|Jan 27 AMC|financial|57.700001|1600
HTLF|112|NASDAQ|2019|09|25|15|30|89800|45.619999|43.119999|45.380001|44.790001|regionalsouthwestbanks|1.7|-|-|9.9|1.96|1908|usa|0|0.17|11.34|Jan 27 AMC|financial|57.700001|1600
HTLF|113|NASDAQ|2019|09|24|15|30|108900|45.830002|44.57|44.830002|45.830002|regionalsouthwestbanks|1.7|-|-|9.9|1.96|1908|usa|0|0.17|11.34|Jan 27 AMC|financial|57.700001|1600
HTLF|114|NASDAQ|2019|09|23|15|30|84500|46.150002|45.310001|45.84|45.720001|regionalsouthwestbanks|1.7|-|-|9.9|1.96|1908|usa|0|0.17|11.34|Jan 27 AMC|financial|57.700001|1600
HTLF|115|NASDAQ|2019|09|20|15|30|445800|46.970001|45.799999|46.029999|45.98|regionalsouthwestbanks|1.7|-|-|9.9|1.96|1908|usa|0|0.17|11.34|Jan 27 AMC|financial|57.700001|1600
HTLF|116|NASDAQ|2019|09|19|15|30|77600|47.139999|45.869999|45.959999|46.369999|regionalsouthwestbanks|1.7|-|-|9.9|1.96|1908|usa|0|0.17|11.34|Jan 27 AMC|financial|57.700001|1600
HTLF|117|NASDAQ|2019|09|18|15|30|94600|46.43|45.389999|46.349998|46.049999|regionalsouthwestbanks|1.7|-|-|9.9|1.96|1908|usa|0|0.17|11.34|Jan 27 AMC|financial|57.700001|1600
HTLF|118|NASDAQ|2019|09|17|15|30|74200|46.509998|45.669998|46.150002|46.439999|regionalsouthwestbanks|1.7|-|-|9.9|1.96|1908|usa|0|0.17|11.34|Jan 27 AMC|financial|57.700001|1600
HTLF|119|NASDAQ|2019|09|16|15|30|73000|47.41|46.5|46.880001|46.52|regionalsouthwestbanks|1.7|-|-|9.9|1.96|1908|usa|0|0.17|11.34|Jan 27 AMC|financial|57.700001|1600
HTLF|120|NASDAQ|2019|09|13|15|30|140200|47.630001|46.790001|47.060001|46.900002|regionalsouthwestbanks|1.7|-|-|9.9|1.96|1908|usa|0|0.17|11.34|Jan 27 AMC|financial|57.700001|1600
HTLF|121|NASDAQ|2019|09|12|15|30|211500|46.68|44.860001|46.419998|45.490002|regionalsouthwestbanks|1.7|-|-|9.9|1.96|1908|usa|0|0.17|11.34|Jan 27 AMC|financial|57.700001|1600
HTLF|122|NASDAQ|2019|09|11|15|30|144100|45.970001|44.330002|45.77|44.740002|regionalsouthwestbanks|1.7|-|-|9.9|1.96|1908|usa|0|0.17|11.34|Jan 27 AMC|financial|57.700001|1600
HTLF|123|NASDAQ|2019|09|10|15|30|116900|44.599998|43.23|44.57|43.779999|regionalsouthwestbanks|1.7|-|-|9.9|1.96|1908|usa|0|0.17|11.34|Jan 27 AMC|financial|57.700001|1600
HTLF|124|NASDAQ|2019|09|09|15|30|203100|43.73|42.32|43.66|42.34|regionalsouthwestbanks|1.7|-|-|9.9|1.96|1908|usa|0|0.17|11.34|Jan 27 AMC|financial|57.700001|1600
HTLF|125|NASDAQ|2019|09|06|15|30|152600|42.990002|41.91|41.970001|42.709999|regionalsouthwestbanks|1.7|-|-|9.9|1.96|1908|usa|0|0.17|11.34|Jan 27 AMC|financial|57.700001|1600
HTLF|126|NASDAQ|2019|09|05|15|30|107900|43.919998|42.619999|42.77|42.779999|regionalsouthwestbanks|1.7|-|-|9.9|1.96|1908|usa|0|0.17|11.34|Jan 27 AMC|financial|57.700001|1600
HTLF|127|NASDAQ|2019|09|04|15|30|74500|42.619999|41.98|42.209999|42.619999|regionalsouthwestbanks|1.7|-|-|9.9|1.96|1908|usa|0|0.17|11.34|Jan 27 AMC|financial|57.700001|1600
HTLF|128|NASDAQ|2019|09|03|15|30|145600|43.450001|41.98|42.060001|43.220001|regionalsouthwestbanks|1.7|-|-|9.9|1.96|1908|usa|0|0.17|11.34|Jan 27 AMC|financial|57.700001|1600
HTLF|129|NASDAQ|2019|08|30|15|30|71600|44.16|43.400002|43.73|43.880001|regionalsouthwestbanks|1.7|-|-|9.9|1.96|1908|usa|0|0.17|11.34|Jan 27 AMC|financial|57.700001|1600
HTLF|130|NASDAQ|2019|08|29|15|30|105000|43.919998|42.950001|43.580002|42.950001|regionalsouthwestbanks|1.7|-|-|9.9|1.96|1908|usa|0|0.17|11.34|Jan 27 AMC|financial|57.700001|1600
HTLF|131|NASDAQ|2019|08|28|15|30|91400|43.110001|41.759998|42.779999|41.759998|regionalsouthwestbanks|1.7|-|-|9.9|1.96|1908|usa|0|0.17|11.34|Jan 27 AMC|financial|57.700001|1600
HTLF|132|NASDAQ|2019|08|27|15|30|174400|43.740002|41.68|41.77|43.360001|regionalsouthwestbanks|1.7|-|-|9.9|1.96|1908|usa|0|0.17|11.34|Jan 27 AMC|financial|57.700001|1600
HTLF|133|NASDAQ|2019|08|26|15|30|119500|43.119999|42.330002|43.119999|42.459999|regionalsouthwestbanks|1.7|-|-|9.9|1.96|1908|usa|0|0.17|11.34|Jan 27 AMC|financial|57.700001|1600
HTLF|134|NASDAQ|2019|08|23|15|30|109000|43.950001|42.009998|42.110001|43.639999|regionalsouthwestbanks|1.7|-|-|9.9|1.96|1908|usa|0|0.17|11.34|Jan 27 AMC|financial|57.700001|1600
HTLF|135|NASDAQ|2019|08|22|15|30|70000|44.599998|43.77|43.900002|44.299999|regionalsouthwestbanks|1.7|-|-|9.9|1.96|1908|usa|0|0.17|11.34|Jan 27 AMC|financial|57.700001|1600
HTLF|136|NASDAQ|2019|08|21|15|30|68900|44.310001|43.849998|44|44.240002|regionalsouthwestbanks|1.7|-|-|9.9|1.96|1908|usa|0|0.17|11.34|Jan 27 AMC|financial|57.700001|1600
HTLF|137|NASDAQ|2019|08|20|15|30|51400|44.490002|43.669998|43.869999|44.490002|regionalsouthwestbanks|1.7|-|-|9.9|1.96|1908|usa|0|0.17|11.34|Jan 27 AMC|financial|57.700001|1600
HTLF|138|NASDAQ|2019|08|19|15|30|60800|44.959999|44.48|44.650002|44.959999|regionalsouthwestbanks|1.7|-|-|9.9|1.96|1908|usa|0|0.17|11.34|Jan 27 AMC|financial|57.700001|1600
HTLF|139|NASDAQ|2019|08|16|15|30|71500|44.310001|43.240002|44.049999|43.240002|regionalsouthwestbanks|1.7|-|-|9.9|1.96|1908|usa|0|0.17|11.34|Jan 27 AMC|financial|57.700001|1600
HTLF|140|NASDAQ|2019|08|15|15|30|102200|43.240002|42.560001|42.93|42.84|regionalsouthwestbanks|1.7|-|-|9.9|1.96|1908|usa|0|0.17|11.34|Jan 27 AMC|financial|57.700001|1600
HTLF|141|NASDAQ|2019|08|14|15|30|153800|44.52|41.779999|43.07|43.740002|regionalsouthwestbanks|1.7|-|-|9.9|1.96|1908|usa|0|0.17|11.34|Jan 27 AMC|financial|57.700001|1600
HTLF|142|NASDAQ|2019|08|13|15|30|56200|45.77|43.880001|44.75|44.41|regionalsouthwestbanks|1.7|-|-|9.9|1.96|1908|usa|0|0.17|11.34|Jan 27 AMC|financial|57.700001|1600
HTLF|143|NASDAQ|2019|08|12|15|30|78200|44.93|44.360001|44.439999|44.740002|regionalsouthwestbanks|1.7|-|-|9.9|1.96|1908|usa|0|0.17|11.34|Jan 27 AMC|financial|57.700001|1600
HTLF|144|NASDAQ|2019|08|09|15|30|93100|46.080002|45.09|45.279999|45.41|regionalsouthwestbanks|1.7|-|-|9.9|1.96|1908|usa|0|0.17|11.34|Jan 27 AMC|financial|57.700001|1600
HTLF|145|NASDAQ|2019|08|08|15|30|103400|45.93|44.75|45.650002|44.75|regionalsouthwestbanks|1.7|-|-|9.9|1.96|1908|usa|0|0.17|11.34|Jan 27 AMC|financial|57.700001|1600
HTLF|146|NASDAQ|2019|08|07|15|30|72500|45.150002|44.169998|44.939999|44.549999|regionalsouthwestbanks|1.7|-|-|9.9|1.96|1908|usa|0|0.17|11.34|Jan 27 AMC|financial|57.700001|1600
HTLF|147|NASDAQ|2019|08|06|15|30|85300|45.41|44.470001|45.34|45.330002|regionalsouthwestbanks|1.7|-|-|9.9|1.96|1908|usa|0|0.17|11.34|Jan 27 AMC|financial|57.700001|1600
HTLF|148|NASDAQ|2019|08|05|15|30|105000|45.5|44.18|44.950001|45.5|regionalsouthwestbanks|1.7|-|-|9.9|1.96|1908|usa|0|0.17|11.34|Jan 27 AMC|financial|57.700001|1600
HTLF|149|NASDAQ|2019|08|02|15|30|95100|47.209999|45.82|46.419998|46.849998|regionalsouthwestbanks|1.7|-|-|9.9|1.96|1908|usa|0|0.17|11.34|Jan 27 AMC|financial|57.700001|1600
HTLF|150|NASDAQ|2019|08|01|15|30|144800|48.810001|46.639999|46.91|47.880001|regionalsouthwestbanks|1.7|-|-|9.9|1.96|1908|usa|0|0.17|11.34|Jan 27 AMC|financial|57.700001|1600
HTLF|151|NASDAQ|2019|07|31|15|30|145600|48.869999|48|48.09|48|regionalsouthwestbanks|1.7|-|-|9.9|1.96|1908|usa|0|0.17|11.34|Jan 27 AMC|financial|57.700001|1600
HTLF|152|NASDAQ|2019|07|30|15|30|303200|49.490002|46.32|48.25|49.490002|regionalsouthwestbanks|1.7|-|-|9.9|1.96|1908|usa|0|0.17|11.34|Jan 27 AMC|financial|57.700001|1600
HTLF|153|NASDAQ|2019|07|29|15|30|99900|46.360001|45.599998|46.060001|46.099998|regionalsouthwestbanks|1.7|-|-|9.9|1.96|1908|usa|0|0.17|11.34|Jan 27 AMC|financial|57.700001|1600
HTLF|154|NASDAQ|2019|07|26|15|30|103500|46.459999|45.450001|46.27|45.580002|regionalsouthwestbanks|1.7|-|-|9.9|1.96|1908|usa|0|0.17|11.34|Jan 27 AMC|financial|57.700001|1600
HTLF|155|NASDAQ|2019|07|25|15|30|132500|45.619999|44.75|45.34|45|regionalsouthwestbanks|1.7|-|-|9.9|1.96|1908|usa|0|0.17|11.34|Jan 27 AMC|financial|57.700001|1600
HTLF|156|NASDAQ|2019|07|24|15|30|441000|45|43.779999|44.98|43.790001|regionalsouthwestbanks|1.7|-|-|9.9|1.96|1908|usa|0|0.17|11.34|Jan 27 AMC|financial|57.700001|1600
HTLF|157|NASDAQ|2019|07|23|15|30|200300|43.93|43.380001|43.880001|43.529999|regionalsouthwestbanks|1.7|-|-|9.9|1.96|1908|usa|0|0.17|11.34|Jan 27 AMC|financial|57.700001|1600
HTLF|158|NASDAQ|2019|07|22|15|30|104400|43.75|43.060001|43.34|43.75|regionalsouthwestbanks|1.7|-|-|9.9|1.96|1908|usa|0|0.17|11.34|Jan 27 AMC|financial|57.700001|1600
HTLF|159|NASDAQ|2019|07|19|15|30|139000|44.360001|43.759998|43.799999|43.849998|regionalsouthwestbanks|1.7|-|-|9.9|1.96|1908|usa|0|0.17|11.34|Jan 27 AMC|financial|57.700001|1600
HTLF|160|NASDAQ|2019|07|18|15|30|97600|44.330002|43.599998|44|43.599998|regionalsouthwestbanks|1.7|-|-|9.9|1.96|1908|usa|0|0.17|11.34|Jan 27 AMC|financial|57.700001|1600
HTLF|161|NASDAQ|2019|07|17|15|30|126800|44.040001|43.27|43.689999|43.740002|regionalsouthwestbanks|1.7|-|-|9.9|1.96|1908|usa|0|0.17|11.34|Jan 27 AMC|financial|57.700001|1600
HTLF|162|NASDAQ|2019|07|16|15|30|98600|44.110001|43.560001|43.91|43.709999|regionalsouthwestbanks|1.7|-|-|9.9|1.96|1908|usa|0|0.17|11.34|Jan 27 AMC|financial|57.700001|1600
HTLF|163|NASDAQ|2019|07|15|15|30|98100|44.439999|43.5|43.68|44.439999|regionalsouthwestbanks|1.7|-|-|9.9|1.96|1908|usa|0|0.17|11.34|Jan 27 AMC|financial|57.700001|1600
HTLF|164|NASDAQ|2019|07|12|15|30|103900|44.650002|43.73|44.439999|43.939999|regionalsouthwestbanks|1.7|-|-|9.9|1.96|1908|usa|0|0.17|11.34|Jan 27 AMC|financial|57.700001|1600
HTLF|165|NASDAQ|2019|07|11|15|30|86400|43.950001|43.310001|43.830002|43.700001|regionalsouthwestbanks|1.7|-|-|9.9|1.96|1908|usa|0|0.17|11.34|Jan 27 AMC|financial|57.700001|1600
HTLF|166|NASDAQ|2019|07|10|15|30|77800|44.240002|43.529999|43.619999|44.209999|regionalsouthwestbanks|1.7|-|-|9.9|1.96|1908|usa|0|0.17|11.34|Jan 27 AMC|financial|57.700001|1600
HTLF|167|NASDAQ|2019|07|09|15|30|103100|44.5|43.720001|44.080002|44.209999|regionalsouthwestbanks|1.7|-|-|9.9|1.96|1908|usa|0|0.17|11.34|Jan 27 AMC|financial|57.700001|1600
HTLF|168|NASDAQ|2019|07|08|15|30|73600|44.860001|44.18|44.380001|44.849998|regionalsouthwestbanks|1.7|-|-|9.9|1.96|1908|usa|0|0.17|11.34|Jan 27 AMC|financial|57.700001|1600
HTLF|169|NASDAQ|2019|07|05|15|30|101500|45.200001|44.560001|45|44.91|regionalsouthwestbanks|1.7|-|-|9.9|1.96|1908|usa|0|0.17|11.34|Jan 27 AMC|financial|57.700001|1600
HTLF|170|NASDAQ|2019|07|03|15|30|51000|44.889999|44.259998|44.889999|44.509998|regionalsouthwestbanks|1.7|-|-|9.9|1.96|1908|usa|0|0.17|11.34|Jan 27 AMC|financial|57.700001|1600
HTLF|171|NASDAQ|2019|07|02|15|30|112600|44.490002|43.84|44.41|44.470001|regionalsouthwestbanks|1.7|-|-|9.9|1.96|1908|usa|0|0.17|11.34|Jan 27 AMC|financial|57.700001|1600
HTLF|172|NASDAQ|2019|07|01|15|30|178100|45.220001|44.119999|44.310001|45|regionalsouthwestbanks|1.7|-|-|9.9|1.96|1908|usa|0|0.17|11.34|Jan 27 AMC|financial|57.700001|1600
HTLF|173|NASDAQ|2019|06|28|15|30|764500|45|44.369999|44.73|44.43|regionalsouthwestbanks|1.7|-|-|9.9|1.96|1908|usa|0|0.17|11.34|Jan 27 AMC|financial|57.700001|1600
HTLF|174|NASDAQ|2019|06|27|15|30|91800|44.209999|43.560001|44.209999|43.560001|regionalsouthwestbanks|1.7|-|-|9.9|1.96|1908|usa|0|0.17|11.34|Jan 27 AMC|financial|57.700001|1600
HTLF|175|NASDAQ|2019|06|26|15|30|100000|43.73|43.139999|43.470001|43.299999|regionalsouthwestbanks|1.7|-|-|9.9|1.96|1908|usa|0|0.17|11.34|Jan 27 AMC|financial|57.700001|1600
HTLF|176|NASDAQ|2019|06|25|15|30|88600|43.439999|41.950001|43.150002|42.68|regionalsouthwestbanks|1.7|-|-|9.9|1.96|1908|usa|0|0.17|11.34|Jan 27 AMC|financial|57.700001|1600
HTLF|177|NASDAQ|2019|06|24|15|30|94400|43.77|42.689999|42.73|43.380001|regionalsouthwestbanks|1.7|-|-|9.9|1.96|1908|usa|0|0.17|11.34|Jan 27 AMC|financial|57.700001|1600
HTLF|178|NASDAQ|2019|06|21|15|30|222300|44.25|42.98|43.32|43.759998|regionalsouthwestbanks|1.7|-|-|9.9|1.96|1908|usa|0|0.17|11.34|Jan 27 AMC|financial|57.700001|1600
HTLF|179|NASDAQ|2019|06|20|15|30|57500|44.080002|43.279999|43.990002|44.080002|regionalsouthwestbanks|1.7|-|-|9.9|1.96|1908|usa|0|0.17|11.34|Jan 27 AMC|financial|57.700001|1600
HTLF|180|NASDAQ|2019|06|19|15|30|69400|44.560001|43.73|43.869999|44.16|regionalsouthwestbanks|1.7|-|-|9.9|1.96|1908|usa|0|0.17|11.34|Jan 27 AMC|financial|57.700001|1600
HTLF|181|NASDAQ|2019|06|18|15|30|110900|44.349998|43.25|44.009998|43.369999|regionalsouthwestbanks|1.7|-|-|9.9|1.96|1908|usa|0|0.17|11.34|Jan 27 AMC|financial|57.700001|1600
HTLF|182|NASDAQ|2019|06|17|15|30|67200|44.380001|43.139999|43.310001|43.880001|regionalsouthwestbanks|1.7|-|-|9.9|1.96|1908|usa|0|0.17|11.34|Jan 27 AMC|financial|57.700001|1600
HTLF|183|NASDAQ|2019|06|14|15|30|78900|44.009998|43.200001|43.82|43.580002|regionalsouthwestbanks|1.7|-|-|9.9|1.96|1908|usa|0|0.17|11.34|Jan 27 AMC|financial|57.700001|1600
HTLF|184|NASDAQ|2019|06|13|15|30|69800|44.389999|43.43|43.57|43.959999|regionalsouthwestbanks|1.7|-|-|9.9|1.96|1908|usa|0|0.17|11.34|Jan 27 AMC|financial|57.700001|1600
HTLF|185|NASDAQ|2019|06|12|15|30|61700|43.830002|43.110001|43.759998|43.110001|regionalsouthwestbanks|1.7|-|-|9.9|1.96|1908|usa|0|0.17|11.34|Jan 27 AMC|financial|57.700001|1600
HTLF|186|NASDAQ|2019|06|11|15|30|100500|44.279999|43.25|43.52|44.139999|regionalsouthwestbanks|1.7|-|-|9.9|1.96|1908|usa|0|0.17|11.34|Jan 27 AMC|financial|57.700001|1600
HTLF|187|NASDAQ|2019|06|10|15|30|130200|44.560001|43.099998|43.860001|43.099998|regionalsouthwestbanks|1.7|-|-|9.9|1.96|1908|usa|0|0.17|11.34|Jan 27 AMC|financial|57.700001|1600
HTLF|188|NASDAQ|2019|06|07|15|30|299900|43.580002|42.759998|42.84|43.310001|regionalsouthwestbanks|1.7|-|-|9.9|1.96|1908|usa|0|0.17|11.34|Jan 27 AMC|financial|57.700001|1600
HTLF|189|NASDAQ|2019|06|06|15|30|96700|44.07|42.830002|43.41|44|regionalsouthwestbanks|1.7|-|-|9.9|1.96|1908|usa|0|0.17|11.34|Jan 27 AMC|financial|57.700001|1600
HTLF|190|NASDAQ|2019|06|05|15|30|99300|44.360001|43.529999|43.93|43.939999|regionalsouthwestbanks|1.7|-|-|9.9|1.96|1908|usa|0|0.17|11.34|Jan 27 AMC|financial|57.700001|1600
HTLF|191|NASDAQ|2019|06|04|15|30|166400|44.189999|42.639999|44.139999|42.639999|regionalsouthwestbanks|1.7|-|-|9.9|1.96|1908|usa|0|0.17|11.34|Jan 27 AMC|financial|57.700001|1600
HTLF|192|NASDAQ|2019|06|03|15|30|136300|42.439999|41.209999|42.139999|41.220001|regionalsouthwestbanks|1.7|-|-|9.9|1.96|1908|usa|0|0.17|11.34|Jan 27 AMC|financial|57.700001|1600
HTLF|193|NASDAQ|2019|05|31|15|30|53000|42.98|40.799999|41.290001|41.5|regionalsouthwestbanks|1.7|-|-|9.9|1.96|1908|usa|0|0.17|11.34|Jan 27 AMC|financial|57.700001|1600
HTLF|194|NASDAQ|2019|05|30|15|30|57300|42.810001|41.59|42.02|42.580002|regionalsouthwestbanks|1.7|-|-|9.9|1.96|1908|usa|0|0.17|11.34|Jan 27 AMC|financial|57.700001|1600
HTLF|195|NASDAQ|2019|05|29|15|30|92600|42.720001|41.830002|42.5|41.959999|regionalsouthwestbanks|1.7|-|-|9.9|1.96|1908|usa|0|0.17|11.34|Jan 27 AMC|financial|57.700001|1600
HTLF|196|NASDAQ|2019|05|28|15|30|125700|42.790001|42.07|42.330002|42.57|regionalsouthwestbanks|1.7|-|-|9.9|1.96|1908|usa|0|0.17|11.34|Jan 27 AMC|financial|57.700001|1600
HTLF|197|NASDAQ|2019|05|24|15|30|106100|42.919998|41.419998|42.82|41.490002|regionalsouthwestbanks|1.7|-|-|9.9|1.96|1908|usa|0|0.17|11.34|Jan 27 AMC|financial|57.700001|1600
HTLF|198|NASDAQ|2019|05|23|15|30|86100|42|40.919998|41.200001|41.990002|regionalsouthwestbanks|1.7|-|-|9.9|1.96|1908|usa|0|0.17|11.34|Jan 27 AMC|financial|57.700001|1600
HTLF|199|NASDAQ|2019|05|22|15|30|75700|43.040001|42.119999|42.369999|42.880001|regionalsouthwestbanks|1.7|-|-|9.9|1.96|1908|usa|0|0.17|11.34|Jan 27 AMC|financial|57.700001|1600
HTLF|200|NASDAQ|2019|05|21|15|30|52400|43.450001|43|43.130001|43.259998|regionalsouthwestbanks|1.7|-|-|9.9|1.96|1908|usa|0|0.17|11.34|Jan 27 AMC|financial|57.700001|1600
HTLF|201|NASDAQ|2019|05|20|15|30|76300|43.43|42.380001|43.119999|42.43|regionalsouthwestbanks|1.7|-|-|9.9|1.96|1908|usa|0|0.17|11.34|Jan 27 AMC|financial|57.700001|1600
HTLF|202|NASDAQ|2019|05|17|15|30|51000|43.48|42.529999|42.689999|42.529999|regionalsouthwestbanks|1.7|-|-|9.9|1.96|1908|usa|0|0.17|11.34|Jan 27 AMC|financial|57.700001|1600
HTLF|203|NASDAQ|2019|05|16|15|30|58600|43.68|42.91|43.09|42.91|regionalsouthwestbanks|1.7|-|-|9.9|1.96|1908|usa|0|0.17|11.34|Jan 27 AMC|financial|57.700001|1600
HTLF|204|NASDAQ|2019|05|15|15|30|68700|43.310001|42.599998|43.029999|43.310001|regionalsouthwestbanks|1.7|-|-|9.9|1.96|1908|usa|0|0.17|11.34|Jan 27 AMC|financial|57.700001|1600
HTLF|205|NASDAQ|2019|05|14|15|30|82700|44.040001|42.939999|43.700001|42.970001|regionalsouthwestbanks|1.7|-|-|9.9|1.96|1908|usa|0|0.17|11.34|Jan 27 AMC|financial|57.700001|1600
HTLF|206|NASDAQ|2019|05|13|15|30|77600|44.830002|42.77|42.950001|44|regionalsouthwestbanks|1.7|-|-|9.9|1.96|1908|usa|0|0.17|11.34|Jan 27 AMC|financial|57.700001|1600
HTLF|207|NASDAQ|2019|05|10|15|30|57100|44.82|43.709999|44.779999|44.59|regionalsouthwestbanks|1.7|-|-|9.9|1.96|1908|usa|0|0.17|11.34|Jan 27 AMC|financial|57.700001|1600
HTLF|208|NASDAQ|2019|05|09|15|30|37000|45.09|44.009998|44.82|44.439999|regionalsouthwestbanks|1.7|-|-|9.9|1.96|1908|usa|0|0.17|11.34|Jan 27 AMC|financial|57.700001|1600
HTLF|209|NASDAQ|2019|05|08|15|30|53000|45.439999|44.810001|44.82|45.290001|regionalsouthwestbanks|1.7|-|-|9.9|1.96|1908|usa|0|0.17|11.34|Jan 27 AMC|financial|57.700001|1600
HTLF|210|NASDAQ|2019|05|07|15|30|64900|46.5|45.169998|45.349998|46.080002|regionalsouthwestbanks|1.7|-|-|9.9|1.96|1908|usa|0|0.17|11.34|Jan 27 AMC|financial|57.700001|1600
HTLF|211|NASDAQ|2019|05|06|15|30|54600|46.790001|45.450001|46.509998|45.700001|regionalsouthwestbanks|1.7|-|-|9.9|1.96|1908|usa|0|0.17|11.34|Jan 27 AMC|financial|57.700001|1600
HTLF|212|NASDAQ|2019|05|03|15|30|87200|46.419998|45.709999|46.41|45.709999|regionalsouthwestbanks|1.7|-|-|9.9|1.96|1908|usa|0|0.17|11.34|Jan 27 AMC|financial|57.700001|1600
HTLF|213|NASDAQ|2019|05|02|15|30|66400|45.799999|44.98|45.720001|45.16|regionalsouthwestbanks|1.7|-|-|9.9|1.96|1908|usa|0|0.17|11.34|Jan 27 AMC|financial|57.700001|1600
HTLF|214|NASDAQ|2019|05|01|15|30|106600|45.799999|44.82|45.290001|44.889999|regionalsouthwestbanks|1.7|-|-|9.9|1.96|1908|usa|0|0.17|11.34|Jan 27 AMC|financial|57.700001|1600
HTLF|215|NASDAQ|2019|04|30|15|30|207400|47.939999|44.349998|44.900002|45.98|regionalsouthwestbanks|1.7|-|-|9.9|1.96|1908|usa|0|0.17|11.34|Jan 27 AMC|financial|57.700001|1600
HTLF|216|NASDAQ|2019|04|29|15|30|66100|47.549999|46.139999|47.400002|46.27|regionalsouthwestbanks|1.7|-|-|9.9|1.96|1908|usa|0|0.17|11.34|Jan 27 AMC|financial|57.700001|1600
HTLF|217|NASDAQ|2019|04|26|15|30|39700|46.34|45.529999|46.290001|45.790001|regionalsouthwestbanks|1.7|-|-|9.9|1.96|1908|usa|0|0.17|11.34|Jan 27 AMC|financial|57.700001|1600
HTLF|218|NASDAQ|2019|04|25|15|30|46400|46.150002|45.18|45.82|46.049999|regionalsouthwestbanks|1.7|-|-|9.9|1.96|1908|usa|0|0.17|11.34|Jan 27 AMC|financial|57.700001|1600
HTLF|219|NASDAQ|2019|04|24|15|30|38200|46.529999|45.810001|46.25|46.119999|regionalsouthwestbanks|1.7|-|-|9.9|1.96|1908|usa|0|0.17|11.34|Jan 27 AMC|financial|57.700001|1600
HTLF|220|NASDAQ|2019|04|23|15|30|67000|46.34|44.830002|46.209999|45.139999|regionalsouthwestbanks|1.7|-|-|9.9|1.96|1908|usa|0|0.17|11.34|Jan 27 AMC|financial|57.700001|1600
HTLF|221|NASDAQ|2019|04|22|15|30|52400|46.32|44.82|45.139999|45.919998|regionalsouthwestbanks|1.7|-|-|9.9|1.96|1908|usa|0|0.17|11.34|Jan 27 AMC|financial|57.700001|1600
HTLF|222|NASDAQ|2019|04|18|15|30|64500|46.75|45.91|46.07|46.689999|regionalsouthwestbanks|1.7|-|-|9.9|1.96|1908|usa|0|0.17|11.34|Jan 27 AMC|financial|57.700001|1600
HTLF|223|NASDAQ|2019|04|17|15|30|54100|46.970001|46.200001|46.919998|46.630001|regionalsouthwestbanks|1.7|-|-|9.9|1.96|1908|usa|0|0.17|11.34|Jan 27 AMC|financial|57.700001|1600
HTLF|224|NASDAQ|2019|04|16|15|30|78800|46.619999|45.369999|46.57|45.529999|regionalsouthwestbanks|1.7|-|-|9.9|1.96|1908|usa|0|0.17|11.34|Jan 27 AMC|financial|57.700001|1600
HTLF|225|NASDAQ|2019|04|15|15|30|61300|46.43|45.279999|45.419998|46.060001|regionalsouthwestbanks|1.7|-|-|9.9|1.96|1908|usa|0|0.17|11.34|Jan 27 AMC|financial|57.700001|1600
HTLF|226|NASDAQ|2019|04|12|15|30|68400|46.110001|45.34|46.049999|45.529999|regionalsouthwestbanks|1.7|-|-|9.9|1.96|1908|usa|0|0.17|11.34|Jan 27 AMC|financial|57.700001|1600
HTLF|227|NASDAQ|2019|04|11|15|30|50700|45.5|44.93|45.16|45.110001|regionalsouthwestbanks|1.7|-|-|9.9|1.96|1908|usa|0|0.17|11.34|Jan 27 AMC|financial|57.700001|1600
HTLF|228|NASDAQ|2019|04|10|15|30|59300|44.990002|44.27|44.939999|44.66|regionalsouthwestbanks|1.7|-|-|9.9|1.96|1908|usa|0|0.17|11.34|Jan 27 AMC|financial|57.700001|1600
HTLF|229|NASDAQ|2019|04|09|15|30|94300|45.189999|44.369999|44.66|44.650002|regionalsouthwestbanks|1.7|-|-|9.9|1.96|1908|usa|0|0.17|11.34|Jan 27 AMC|financial|57.700001|1600
HTLF|230|NASDAQ|2019|04|08|15|30|108500|44.810001|43.98|44.790001|44.25|regionalsouthwestbanks|1.7|-|-|9.9|1.96|1908|usa|0|0.17|11.34|Jan 27 AMC|financial|57.700001|1600
HTLF|231|NASDAQ|2019|04|05|15|30|87400|44.470001|43.91|44.389999|43.990002|regionalsouthwestbanks|1.7|-|-|9.9|1.96|1908|usa|0|0.17|11.34|Jan 27 AMC|financial|57.700001|1600
HTLF|232|NASDAQ|2019|04|04|15|30|88900|44.02|43.27|43.98|43.27|regionalsouthwestbanks|1.7|-|-|9.9|1.96|1908|usa|0|0.17|11.34|Jan 27 AMC|financial|57.700001|1600
HTLF|233|NASDAQ|2019|04|03|15|30|67800|44.330002|43.240002|43.32|43.889999|regionalsouthwestbanks|1.7|-|-|9.9|1.96|1908|usa|0|0.17|11.34|Jan 27 AMC|financial|57.700001|1600
HTLF|234|NASDAQ|2019|04|02|15|30|59000|43.919998|43.349998|43.470001|43.810001|regionalsouthwestbanks|1.7|-|-|9.9|1.96|1908|usa|0|0.17|11.34|Jan 27 AMC|financial|57.700001|1600
HTLF|235|NASDAQ|2019|04|01|15|30|107700|43.970001|42.630001|43.799999|42.740002|regionalsouthwestbanks|1.7|-|-|9.9|1.96|1908|usa|0|0.17|11.34|Jan 27 AMC|financial|57.700001|1600
HTLF|236|NASDAQ|2019|03|29|14|30|190800|43.220001|42.34|42.650002|42.740002|regionalsouthwestbanks|1.7|-|-|9.9|1.96|1908|usa|0|0.17|11.34|Jan 27 AMC|financial|57.700001|1600
HTLF|237|NASDAQ|2019|03|28|14|30|218800|42.970001|42.25|42.700001|42.59|regionalsouthwestbanks|1.7|-|-|9.9|1.96|1908|usa|0|0.17|11.34|Jan 27 AMC|financial|57.700001|1600
HTLF|238|NASDAQ|2019|03|27|14|30|239400|43.27|42.009998|42.459999|42.889999|regionalsouthwestbanks|1.7|-|-|9.9|1.96|1908|usa|0|0.17|11.34|Jan 27 AMC|financial|57.700001|1600
HTLF|239|NASDAQ|2019|03|26|14|30|128900|43.400002|42.41|43.02|42.630001|regionalsouthwestbanks|1.7|-|-|9.9|1.96|1908|usa|0|0.17|11.34|Jan 27 AMC|financial|57.700001|1600
HTLF|240|NASDAQ|2019|03|25|14|30|71000|42.82|41.66|42.549999|42.040001|regionalsouthwestbanks|1.7|-|-|9.9|1.96|1908|usa|0|0.17|11.34|Jan 27 AMC|financial|57.700001|1600
HTLF|241|NASDAQ|2019|03|22|14|30|147200|44.009998|41.57|42.049999|43.939999|regionalsouthwestbanks|1.7|-|-|9.9|1.96|1908|usa|0|0.17|11.34|Jan 27 AMC|financial|57.700001|1600
HTLF|242|NASDAQ|2019|03|21|14|30|93700|45.52|44.189999|44.310001|44.27|regionalsouthwestbanks|1.7|-|-|9.9|1.96|1908|usa|0|0.17|11.34|Jan 27 AMC|financial|57.700001|1600
HTLF|243|NASDAQ|2019|03|20|14|30|81500|46.57|44.57|44.57|45.73|regionalsouthwestbanks|1.7|-|-|9.9|1.96|1908|usa|0|0.17|11.34|Jan 27 AMC|financial|57.700001|1600
HTLF|244|NASDAQ|2019|03|19|14|30|64000|47.810001|45.709999|45.77|47.23|regionalsouthwestbanks|1.7|-|-|9.9|1.96|1908|usa|0|0.17|11.34|Jan 27 AMC|financial|57.700001|1600
HTLF|245|NASDAQ|2019|03|18|14|30|119300|47.68|46.889999|47.049999|46.889999|regionalsouthwestbanks|1.7|-|-|9.9|1.96|1908|usa|0|0.17|11.34|Jan 27 AMC|financial|57.700001|1600
HTLF|246|NASDAQ|2019|03|15|14|30|242900|47.299999|46.310001|46.869999|46.540001|regionalsouthwestbanks|1.7|-|-|9.9|1.96|1908|usa|0|0.17|11.34|Jan 27 AMC|financial|57.700001|1600
HTLF|247|NASDAQ|2019|03|14|14|30|50800|47.5|46.580002|46.580002|46.759998|regionalsouthwestbanks|1.7|-|-|9.9|1.96|1908|usa|0|0.17|11.34|Jan 27 AMC|financial|57.700001|1600
HTLF|248|NASDAQ|2019|03|13|14|30|64800|47.209999|46.580002|46.709999|46.599998|regionalsouthwestbanks|1.7|-|-|9.9|1.96|1908|usa|0|0.17|11.34|Jan 27 AMC|financial|57.700001|1600
HTLF|249|NASDAQ|2019|03|12|14|30|47800|46.740002|46.18|46.509998|46.48|regionalsouthwestbanks|1.7|-|-|9.9|1.96|1908|usa|0|0.17|11.34|Jan 27 AMC|financial|57.700001|1600
HTLF|250|NASDAQ|2019|03|11|14|30|63600|46.880001|45.77|46.43|45.84|regionalsouthwestbanks|1.7|-|-|9.9|1.96|1908|usa|0|0.17|11.34|Jan 27 AMC|financial|57.700001|1600
