empresa|antiguedad|mercado|anio|mes|dia|hora|minuto|volumen|high|low|close|open|industria|Insider Own|Quick Ratio|Current Ratio|P/E|Dividend %|Employees|geo|Debt/Eq|LT Debt/Eq|EPS next Y|Earnings|sector|Inst Own|Market Cap
MBWM|0|NASDAQ|2020|03|04|15|30|48500|29.5|28.469999|29.459999|29.4|regionalmidwestbanks|1.2|-|-|9.15|4.06|570|usa|0.11|0.11|4.03|Jan 21 BMO|financial|57.5|453.970001
MBWM|1|NASDAQ|2020|03|03|15|30|43500|30.629999|28.82|29.16|30.110001|regionalmidwestbanks|1.2|-|-|9.15|4.06|570|usa|0.11|0.11|4.03|Jan 21 BMO|financial|57.5|453.970001
MBWM|2|NASDAQ|2020|03|02|15|30|48600|30.200001|28.450001|30.18|28.639999|regionalmidwestbanks|1.2|-|-|9.15|4.06|570|usa|0.11|0.11|4.03|Jan 21 BMO|financial|57.5|453.970001
MBWM|3|NASDAQ|2020|02|28|15|30|66800|30.07|28.389999|28.690001|29.450001|regionalmidwestbanks|1.2|-|-|9.15|4.06|570|usa|0.11|0.11|4.03|Jan 21 BMO|financial|57.5|453.970001
MBWM|4|NASDAQ|2020|02|27|15|30|47700|31.4|30|30.139999|30.43|regionalmidwestbanks|1.2|-|-|9.15|4.06|570|usa|0.11|0.11|4.03|Jan 21 BMO|financial|57.5|453.970001
MBWM|5|NASDAQ|2020|02|26|15|30|38300|31.690001|30.889999|30.9|31.450001|regionalmidwestbanks|1.2|-|-|9.15|4.06|570|usa|0.11|0.11|4.03|Jan 21 BMO|financial|57.5|453.970001
MBWM|6|NASDAQ|2020|02|25|15|30|44300|32.189999|31.209999|31.34|31.959999|regionalmidwestbanks|1.2|-|-|9.15|4.06|570|usa|0.11|0.11|4.03|Jan 21 BMO|financial|57.5|453.970001
MBWM|7|NASDAQ|2020|02|24|15|30|54700|32.25|31.74|31.950001|31.84|regionalmidwestbanks|1.2|-|-|9.15|4.06|570|usa|0.11|0.11|4.03|Jan 21 BMO|financial|57.5|453.970001
MBWM|8|NASDAQ|2020|02|21|15|30|29800|32.889999|32.389999|32.77|32.869999|regionalmidwestbanks|1.2|-|-|9.15|4.06|570|usa|0.11|0.11|4.03|Jan 21 BMO|financial|57.5|453.970001
MBWM|9|NASDAQ|2020|02|20|15|30|27600|33.110001|32.57|32.900002|32.720001|regionalmidwestbanks|1.2|-|-|9.15|4.06|570|usa|0.11|0.11|4.03|Jan 21 BMO|financial|57.5|453.970001
MBWM|10|NASDAQ|2020|02|19|15|30|20400|33.009998|32.700001|32.700001|32.84|regionalmidwestbanks|1.2|-|-|9.15|4.06|570|usa|0.11|0.11|4.03|Jan 21 BMO|financial|57.5|453.970001
MBWM|11|NASDAQ|2020|02|18|15|30|40900|33.27|32.279999|32.720001|33.200001|regionalmidwestbanks|1.2|-|-|9.15|4.06|570|usa|0.11|0.11|4.03|Jan 21 BMO|financial|57.5|453.970001
MBWM|12|NASDAQ|2020|02|14|15|30|22000|33.369999|32.900002|33.02|33.290001|regionalmidwestbanks|1.2|-|-|9.15|4.06|570|usa|0.11|0.11|4.03|Jan 21 BMO|financial|57.5|453.970001
MBWM|13|NASDAQ|2020|02|13|15|30|30800|33.450001|33.029999|33.439999|33.189999|regionalmidwestbanks|1.2|-|-|9.15|4.06|570|usa|0.11|0.11|4.03|Jan 21 BMO|financial|57.5|453.970001
MBWM|14|NASDAQ|2020|02|12|15|30|24400|33.990002|33.119999|33.259998|33.5|regionalmidwestbanks|1.2|-|-|9.15|4.06|570|usa|0.11|0.11|4.03|Jan 21 BMO|financial|57.5|453.970001
MBWM|15|NASDAQ|2020|02|11|15|30|35800|33.549999|33.130001|33.32|33.330002|regionalmidwestbanks|1.2|-|-|9.15|4.06|570|usa|0.11|0.11|4.03|Jan 21 BMO|financial|57.5|453.970001
MBWM|16|NASDAQ|2020|02|10|15|30|18600|33.099998|32.849998|33.099998|32.950001|regionalmidwestbanks|1.2|-|-|9.15|4.06|570|usa|0.11|0.11|4.03|Jan 21 BMO|financial|57.5|453.970001
MBWM|17|NASDAQ|2020|02|07|15|30|30300|33.57|32.91|33.049999|33.470001|regionalmidwestbanks|1.2|-|-|9.15|4.06|570|usa|0.11|0.11|4.03|Jan 21 BMO|financial|57.5|453.970001
MBWM|18|NASDAQ|2020|02|06|15|30|31100|34.23|33.639999|33.700001|34.23|regionalmidwestbanks|1.2|-|-|9.15|4.06|570|usa|0.11|0.11|4.03|Jan 21 BMO|financial|57.5|453.970001
MBWM|19|NASDAQ|2020|02|05|15|30|44700|34.02|33.419998|33.98|33.439999|regionalmidwestbanks|1.2|-|-|9.15|4.06|570|usa|0.11|0.11|4.03|Jan 21 BMO|financial|57.5|453.970001
MBWM|20|NASDAQ|2020|02|04|15|30|49000|33.57|32.990002|33.07|32.990002|regionalmidwestbanks|1.2|-|-|9.15|4.06|570|usa|0.11|0.11|4.03|Jan 21 BMO|financial|57.5|453.970001
MBWM|21|NASDAQ|2020|02|03|15|30|48200|33.189999|32.75|32.849998|32.790001|regionalmidwestbanks|1.2|-|-|9.15|4.06|570|usa|0.11|0.11|4.03|Jan 21 BMO|financial|57.5|453.970001
MBWM|22|NASDAQ|2020|01|31|15|30|47100|33.5|32.650002|32.77|33.41|regionalmidwestbanks|1.2|-|-|9.15|4.06|570|usa|0.11|0.11|4.03|Jan 21 BMO|financial|57.5|453.970001
MBWM|23|NASDAQ|2020|01|30|15|30|74600|33.560001|32.93|33.48|33.080002|regionalmidwestbanks|1.2|-|-|9.15|4.06|570|usa|0.11|0.11|4.03|Jan 21 BMO|financial|57.5|453.970001
MBWM|24|NASDAQ|2020|01|29|15|30|32400|33.77|33.23|33.290001|33.720001|regionalmidwestbanks|1.2|-|-|9.15|4.06|570|usa|0.11|0.11|4.03|Jan 21 BMO|financial|57.5|453.970001
MBWM|25|NASDAQ|2020|01|28|15|30|26500|33.98|33.52|33.75|33.98|regionalmidwestbanks|1.2|-|-|9.15|4.06|570|usa|0.11|0.11|4.03|Jan 21 BMO|financial|57.5|453.970001
MBWM|26|NASDAQ|2020|01|27|15|30|28900|34.040001|33.52|33.75|33.52|regionalmidwestbanks|1.2|-|-|9.15|4.06|570|usa|0.11|0.11|4.03|Jan 21 BMO|financial|57.5|453.970001
MBWM|27|NASDAQ|2020|01|24|15|30|39300|34.720001|33.869999|34.02|34.720001|regionalmidwestbanks|1.2|-|-|9.15|4.06|570|usa|0.11|0.11|4.03|Jan 21 BMO|financial|57.5|453.970001
MBWM|28|NASDAQ|2020|01|23|15|30|50500|35.139999|34.16|34.700001|34.720001|regionalmidwestbanks|1.2|-|-|9.15|4.06|570|usa|0.11|0.11|4.03|Jan 21 BMO|financial|57.5|453.970001
MBWM|29|NASDAQ|2020|01|22|15|30|45600|35.599998|34.73|34.869999|35.23|regionalmidwestbanks|1.2|-|-|9.15|4.06|570|usa|0.11|0.11|4.03|Jan 21 BMO|financial|57.5|453.970001
MBWM|30|NASDAQ|2020|01|21|15|30|47300|37.16|34.91|34.98|37.029999|regionalmidwestbanks|1.2|-|-|9.15|4.06|570|usa|0.11|0.11|4.03|Jan 21 BMO|financial|57.5|453.970001
MBWM|31|NASDAQ|2020|01|17|15|30|38200|35.860001|35.259998|35.439999|35.849998|regionalmidwestbanks|1.2|-|-|9.15|4.06|570|usa|0.11|0.11|4.03|Jan 21 BMO|financial|57.5|453.970001
MBWM|32|NASDAQ|2020|01|16|15|30|23100|35.77|35.080002|35.560001|35.139999|regionalmidwestbanks|1.2|-|-|9.15|4.06|570|usa|0.11|0.11|4.03|Jan 21 BMO|financial|57.5|453.970001
MBWM|33|NASDAQ|2020|01|15|15|30|32500|35.259998|34.639999|35.060001|35.259998|regionalmidwestbanks|1.2|-|-|9.15|4.06|570|usa|0.11|0.11|4.03|Jan 21 BMO|financial|57.5|453.970001
MBWM|34|NASDAQ|2020|01|14|15|30|31500|35.93|35.27|35.389999|35.720001|regionalmidwestbanks|1.2|-|-|9.15|4.06|570|usa|0.11|0.11|4.03|Jan 21 BMO|financial|57.5|453.970001
MBWM|35|NASDAQ|2020|01|13|15|30|46200|35.959999|35.290001|35.790001|35.290001|regionalmidwestbanks|1.2|-|-|9.15|4.06|570|usa|0.11|0.11|4.03|Jan 21 BMO|financial|57.5|453.970001
MBWM|36|NASDAQ|2020|01|10|15|30|25700|35.950001|35.009998|35.240002|35.560001|regionalmidwestbanks|1.2|-|-|9.15|4.06|570|usa|0.11|0.11|4.03|Jan 21 BMO|financial|57.5|453.970001
MBWM|37|NASDAQ|2020|01|09|15|30|24300|36.150002|35.349998|35.59|35.689999|regionalmidwestbanks|1.2|-|-|9.15|4.06|570|usa|0.11|0.11|4.03|Jan 21 BMO|financial|57.5|453.970001
MBWM|38|NASDAQ|2020|01|08|15|30|25300|35.619999|35.310001|35.5|35.400002|regionalmidwestbanks|1.2|-|-|9.15|4.06|570|usa|0.11|0.11|4.03|Jan 21 BMO|financial|57.5|453.970001
MBWM|39|NASDAQ|2020|01|07|15|30|22200|35.689999|35.009998|35.16|35.419998|regionalmidwestbanks|1.2|-|-|9.15|4.06|570|usa|0.11|0.11|4.03|Jan 21 BMO|financial|57.5|453.970001
MBWM|40|NASDAQ|2020|01|06|15|30|23400|35.880001|35.02|35.66|35.799999|regionalmidwestbanks|1.2|-|-|9.15|4.06|570|usa|0.11|0.11|4.03|Jan 21 BMO|financial|57.5|453.970001
MBWM|41|NASDAQ|2020|01|03|15|30|26500|36.110001|35.509998|35.990002|35.939999|regionalmidwestbanks|1.2|-|-|9.15|4.06|570|usa|0.11|0.11|4.03|Jan 21 BMO|financial|57.5|453.970001
MBWM|42|NASDAQ|2020|01|02|15|30|27600|36.490002|36|36.279999|36.490002|regionalmidwestbanks|1.2|-|-|9.15|4.06|570|usa|0.11|0.11|4.03|Jan 21 BMO|financial|57.5|453.970001
MBWM|43|NASDAQ|2019|12|31|15|30|26400|36.610001|36.130001|36.470001|36.48|regionalmidwestbanks|1.2|-|-|9.15|4.06|570|usa|0.11|0.11|4.03|Jan 21 BMO|financial|57.5|453.970001
MBWM|44|NASDAQ|2019|12|30|15|30|19500|36.900002|36.299999|36.43|36.709999|regionalmidwestbanks|1.2|-|-|9.15|4.06|570|usa|0.11|0.11|4.03|Jan 21 BMO|financial|57.5|453.970001
MBWM|45|NASDAQ|2019|12|27|15|30|24900|36.720001|36.380001|36.68|36.720001|regionalmidwestbanks|1.2|-|-|9.15|4.06|570|usa|0.11|0.11|4.03|Jan 21 BMO|financial|57.5|453.970001
MBWM|46|NASDAQ|2019|12|26|15|30|22900|36.950001|36.450001|36.599998|36.75|regionalmidwestbanks|1.2|-|-|9.15|4.06|570|usa|0.11|0.11|4.03|Jan 21 BMO|financial|57.5|453.970001
MBWM|47|NASDAQ|2019|12|24|15|30|10500|36.810001|35.169998|36.759998|36.700001|regionalmidwestbanks|1.2|-|-|9.15|4.06|570|usa|0.11|0.11|4.03|Jan 21 BMO|financial|57.5|453.970001
MBWM|48|NASDAQ|2019|12|23|15|30|31500|36.919998|36.369999|36.669998|36.799999|regionalmidwestbanks|1.2|-|-|9.15|4.06|570|usa|0.11|0.11|4.03|Jan 21 BMO|financial|57.5|453.970001
MBWM|49|NASDAQ|2019|12|20|15|30|66100|37.32|36.509998|36.779999|36.529999|regionalmidwestbanks|1.2|-|-|9.15|4.06|570|usa|0.11|0.11|4.03|Jan 21 BMO|financial|57.5|453.970001
MBWM|50|NASDAQ|2019|12|19|15|30|33900|36.880001|36.380001|36.639999|36.82|regionalmidwestbanks|1.2|-|-|9.15|4.06|570|usa|0.11|0.11|4.03|Jan 21 BMO|financial|57.5|453.970001
MBWM|51|NASDAQ|2019|12|18|15|30|38700|37.299999|36.740002|36.91|37.299999|regionalmidwestbanks|1.2|-|-|9.15|4.06|570|usa|0.11|0.11|4.03|Jan 21 BMO|financial|57.5|453.970001
MBWM|52|NASDAQ|2019|12|17|15|30|37000|37.209999|36.720001|37.040001|36.91|regionalmidwestbanks|1.2|-|-|9.15|4.06|570|usa|0.11|0.11|4.03|Jan 21 BMO|financial|57.5|453.970001
MBWM|53|NASDAQ|2019|12|16|15|30|48100|36.98|36.299999|36.82|36.509998|regionalmidwestbanks|1.2|-|-|9.15|4.06|570|usa|0.11|0.11|4.03|Jan 21 BMO|financial|57.5|453.970001
MBWM|54|NASDAQ|2019|12|13|15|30|33100|36.5|35.68|36.299999|36.380001|regionalmidwestbanks|1.2|-|-|9.15|4.06|570|usa|0.11|0.11|4.03|Jan 21 BMO|financial|57.5|453.970001
MBWM|55|NASDAQ|2019|12|12|15|30|36400|36.400002|35.52|36.299999|35.52|regionalmidwestbanks|1.2|-|-|9.15|4.06|570|usa|0.11|0.11|4.03|Jan 21 BMO|financial|57.5|453.970001
MBWM|56|NASDAQ|2019|12|11|15|30|21900|35.669998|35.330002|35.529999|35.619999|regionalmidwestbanks|1.2|-|-|9.15|4.06|570|usa|0.11|0.11|4.03|Jan 21 BMO|financial|57.5|453.970001
MBWM|57|NASDAQ|2019|12|10|15|30|32400|35.619999|35.040001|35.48|35.209999|regionalmidwestbanks|1.2|-|-|9.15|4.06|570|usa|0.11|0.11|4.03|Jan 21 BMO|financial|57.5|453.970001
MBWM|58|NASDAQ|2019|12|09|15|30|17600|35.389999|35.049999|35.139999|35.189999|regionalmidwestbanks|1.2|-|-|9.15|4.06|570|usa|0.11|0.11|4.03|Jan 21 BMO|financial|57.5|453.970001
MBWM|59|NASDAQ|2019|12|06|15|30|40200|35.599998|35.099998|35.279999|35.209999|regionalmidwestbanks|1.2|-|-|9.15|4.06|570|usa|0.11|0.11|4.03|Jan 21 BMO|financial|57.5|453.970001
MBWM|60|NASDAQ|2019|12|05|15|30|20300|35.07|34.75|35.040001|34.779999|regionalmidwestbanks|1.2|-|-|9.15|4.06|570|usa|0.11|0.11|4.03|Jan 21 BMO|financial|57.5|453.970001
MBWM|61|NASDAQ|2019|12|04|15|30|32400|35.25|34.790001|35.029999|34.889999|regionalmidwestbanks|1.2|-|-|9.15|4.06|570|usa|0.11|0.11|4.03|Jan 21 BMO|financial|57.5|453.970001
MBWM|62|NASDAQ|2019|12|03|15|30|35900|34.880001|34.34|34.73|34.849998|regionalmidwestbanks|1.2|-|-|9.15|4.06|570|usa|0.11|0.11|4.03|Jan 21 BMO|financial|57.5|453.970001
MBWM|63|NASDAQ|2019|12|02|15|30|26500|35.610001|35.029999|35.080002|35.389999|regionalmidwestbanks|1.2|-|-|9.15|4.06|570|usa|0.11|0.11|4.03|Jan 21 BMO|financial|57.5|453.970001
MBWM|64|NASDAQ|2019|11|29|15|30|9800|35.5|35.220001|35.25|35.490002|regionalmidwestbanks|1.2|-|-|9.15|4.06|570|usa|0.11|0.11|4.03|Jan 21 BMO|financial|57.5|453.970001
MBWM|65|NASDAQ|2019|11|27|15|30|26500|35.799999|35.34|35.490002|35.610001|regionalmidwestbanks|1.2|-|-|9.15|4.06|570|usa|0.11|0.11|4.03|Jan 21 BMO|financial|57.5|453.970001
MBWM|66|NASDAQ|2019|11|26|15|30|32600|36.009998|35.34|35.400002|35.68|regionalmidwestbanks|1.2|-|-|9.15|4.06|570|usa|0.11|0.11|4.03|Jan 21 BMO|financial|57.5|453.970001
MBWM|67|NASDAQ|2019|11|25|15|30|37300|35.919998|35.279999|35.75|35.279999|regionalmidwestbanks|1.2|-|-|9.15|4.06|570|usa|0.11|0.11|4.03|Jan 21 BMO|financial|57.5|453.970001
MBWM|68|NASDAQ|2019|11|22|15|30|41100|35.459999|35.130001|35.200001|35.279999|regionalmidwestbanks|1.2|-|-|9.15|4.06|570|usa|0.11|0.11|4.03|Jan 21 BMO|financial|57.5|453.970001
MBWM|69|NASDAQ|2019|11|21|15|30|45000|35.73|34.91|35.290001|35.68|regionalmidwestbanks|1.2|-|-|9.15|4.06|570|usa|0.11|0.11|4.03|Jan 21 BMO|financial|57.5|453.970001
MBWM|70|NASDAQ|2019|11|20|15|30|83500|35.610001|34.84|35.529999|35.119999|regionalmidwestbanks|1.2|-|-|9.15|4.06|570|usa|0.11|0.11|4.03|Jan 21 BMO|financial|57.5|453.970001
MBWM|71|NASDAQ|2019|11|19|15|30|63000|35.490002|34.860001|35.209999|35.259998|regionalmidwestbanks|1.2|-|-|9.15|4.06|570|usa|0.11|0.11|4.03|Jan 21 BMO|financial|57.5|453.970001
MBWM|72|NASDAQ|2019|11|18|15|30|71600|35.700001|34.990002|35|35.5|regionalmidwestbanks|1.2|-|-|9.15|4.06|570|usa|0.11|0.11|4.03|Jan 21 BMO|financial|57.5|453.970001
MBWM|73|NASDAQ|2019|11|15|15|30|28600|35.970001|35.400002|35.549999|35.82|regionalmidwestbanks|1.2|-|-|9.15|4.06|570|usa|0.11|0.11|4.03|Jan 21 BMO|financial|57.5|453.970001
MBWM|74|NASDAQ|2019|11|14|15|30|37300|36.060001|35.299999|35.560001|36.060001|regionalmidwestbanks|1.2|-|-|9.15|4.06|570|usa|0.11|0.11|4.03|Jan 21 BMO|financial|57.5|453.970001
MBWM|75|NASDAQ|2019|11|13|15|30|34500|35.790001|35.389999|35.540001|35.790001|regionalmidwestbanks|1.2|-|-|9.15|4.06|570|usa|0.11|0.11|4.03|Jan 21 BMO|financial|57.5|453.970001
MBWM|76|NASDAQ|2019|11|12|15|30|35600|36.689999|35.880001|36.040001|36.689999|regionalmidwestbanks|1.2|-|-|9.15|4.06|570|usa|0.11|0.11|4.03|Jan 21 BMO|financial|57.5|453.970001
MBWM|77|NASDAQ|2019|11|11|15|30|28300|36.32|35.950001|36.130001|36.16|regionalmidwestbanks|1.2|-|-|9.15|4.06|570|usa|0.11|0.11|4.03|Jan 21 BMO|financial|57.5|453.970001
MBWM|78|NASDAQ|2019|11|08|15|30|27300|36.59|36.060001|36.32|36.220001|regionalmidwestbanks|1.2|-|-|9.15|4.06|570|usa|0.11|0.11|4.03|Jan 21 BMO|financial|57.5|453.970001
MBWM|79|NASDAQ|2019|11|07|15|30|36600|36.48|36.029999|36.18|36.389999|regionalmidwestbanks|1.2|-|-|9.15|4.06|570|usa|0.11|0.11|4.03|Jan 21 BMO|financial|57.5|453.970001
MBWM|80|NASDAQ|2019|11|06|15|30|41000|36.169998|35.540001|35.990002|36|regionalmidwestbanks|1.2|-|-|9.15|4.06|570|usa|0.11|0.11|4.03|Jan 21 BMO|financial|57.5|453.970001
MBWM|81|NASDAQ|2019|11|05|15|30|53200|36.400002|35.880001|36.060001|36.150002|regionalmidwestbanks|1.2|-|-|9.15|4.06|570|usa|0.11|0.11|4.03|Jan 21 BMO|financial|57.5|453.970001
MBWM|82|NASDAQ|2019|11|04|15|30|37000|36.209999|35.610001|35.91|35.810001|regionalmidwestbanks|1.2|-|-|9.15|4.06|570|usa|0.11|0.11|4.03|Jan 21 BMO|financial|57.5|453.970001
MBWM|83|NASDAQ|2019|11|01|14|30|31500|35.709999|35.119999|35.59|35.360001|regionalmidwestbanks|1.2|-|-|9.15|4.06|570|usa|0.11|0.11|4.03|Jan 21 BMO|financial|57.5|453.970001
MBWM|84|NASDAQ|2019|10|31|14|30|31700|35.459999|34.709999|35.209999|35.459999|regionalmidwestbanks|1.2|-|-|9.15|4.06|570|usa|0.11|0.11|4.03|Jan 21 BMO|financial|57.5|453.970001
MBWM|85|NASDAQ|2019|10|30|14|30|33600|35.73|34.900002|35.52|35.32|regionalmidwestbanks|1.2|-|-|9.15|4.06|570|usa|0.11|0.11|4.03|Jan 21 BMO|financial|57.5|453.970001
MBWM|86|NASDAQ|2019|10|29|14|30|35500|35.59|35.07|35.48|35.07|regionalmidwestbanks|1.2|-|-|9.15|4.06|570|usa|0.11|0.11|4.03|Jan 21 BMO|financial|57.5|453.970001
MBWM|87|NASDAQ|2019|10|28|14|30|34000|35.360001|34.98|35.060001|35.139999|regionalmidwestbanks|1.2|-|-|9.15|4.06|570|usa|0.11|0.11|4.03|Jan 21 BMO|financial|57.5|453.970001
MBWM|88|NASDAQ|2019|10|25|15|30|40500|35.34|34.709999|34.93|34.709999|regionalmidwestbanks|1.2|-|-|9.15|4.06|570|usa|0.11|0.11|4.03|Jan 21 BMO|financial|57.5|453.970001
MBWM|89|NASDAQ|2019|10|24|15|30|34900|35.549999|34.759998|35.009998|35.450001|regionalmidwestbanks|1.2|-|-|9.15|4.06|570|usa|0.11|0.11|4.03|Jan 21 BMO|financial|57.5|453.970001
MBWM|90|NASDAQ|2019|10|23|15|30|29700|35.529999|35.07|35.330002|35.330002|regionalmidwestbanks|1.2|-|-|9.15|4.06|570|usa|0.11|0.11|4.03|Jan 21 BMO|financial|57.5|453.970001
MBWM|91|NASDAQ|2019|10|22|15|30|45800|35.759998|34.880001|35.32|35.16|regionalmidwestbanks|1.2|-|-|9.15|4.06|570|usa|0.11|0.11|4.03|Jan 21 BMO|financial|57.5|453.970001
MBWM|92|NASDAQ|2019|10|21|15|30|86600|35.77|35.060001|35.150002|35.060001|regionalmidwestbanks|1.2|-|-|9.15|4.06|570|usa|0.11|0.11|4.03|Jan 21 BMO|financial|57.5|453.970001
MBWM|93|NASDAQ|2019|10|18|15|30|50600|35.060001|34.52|34.869999|34.630001|regionalmidwestbanks|1.2|-|-|9.15|4.06|570|usa|0.11|0.11|4.03|Jan 21 BMO|financial|57.5|453.970001
MBWM|94|NASDAQ|2019|10|17|15|30|56000|35.110001|34.52|34.830002|34.849998|regionalmidwestbanks|1.2|-|-|9.15|4.06|570|usa|0.11|0.11|4.03|Jan 21 BMO|financial|57.5|453.970001
MBWM|95|NASDAQ|2019|10|16|15|30|78300|34.950001|34|34.799999|34.240002|regionalmidwestbanks|1.2|-|-|9.15|4.06|570|usa|0.11|0.11|4.03|Jan 21 BMO|financial|57.5|453.970001
MBWM|96|NASDAQ|2019|10|15|15|30|118000|35.43|34.02|34.119999|34.490002|regionalmidwestbanks|1.2|-|-|9.15|4.06|570|usa|0.11|0.11|4.03|Jan 21 BMO|financial|57.5|453.970001
MBWM|97|NASDAQ|2019|10|14|15|30|34200|33.27|32.599998|32.849998|32.720001|regionalmidwestbanks|1.2|-|-|9.15|4.06|570|usa|0.11|0.11|4.03|Jan 21 BMO|financial|57.5|453.970001
MBWM|98|NASDAQ|2019|10|11|15|30|44100|33.27|32.57|32.93|32.889999|regionalmidwestbanks|1.2|-|-|9.15|4.06|570|usa|0.11|0.11|4.03|Jan 21 BMO|financial|57.5|453.970001
MBWM|99|NASDAQ|2019|10|10|15|30|40900|32.639999|32.09|32.509998|32.279999|regionalmidwestbanks|1.2|-|-|9.15|4.06|570|usa|0.11|0.11|4.03|Jan 21 BMO|financial|57.5|453.970001
MBWM|100|NASDAQ|2019|10|09|15|30|28800|32.5|32|32.23|32.330002|regionalmidwestbanks|1.2|-|-|9.15|4.06|570|usa|0.11|0.11|4.03|Jan 21 BMO|financial|57.5|453.970001
MBWM|101|NASDAQ|2019|10|08|15|30|30800|32.360001|31.950001|32.130001|32.27|regionalmidwestbanks|1.2|-|-|9.15|4.06|570|usa|0.11|0.11|4.03|Jan 21 BMO|financial|57.5|453.970001
MBWM|102|NASDAQ|2019|10|07|15|30|26200|32.830002|32.240002|32.57|32.240002|regionalmidwestbanks|1.2|-|-|9.15|4.06|570|usa|0.11|0.11|4.03|Jan 21 BMO|financial|57.5|453.970001
MBWM|103|NASDAQ|2019|10|04|15|30|36400|32.43|31.950001|32.43|31.950001|regionalmidwestbanks|1.2|-|-|9.15|4.06|570|usa|0.11|0.11|4.03|Jan 21 BMO|financial|57.5|453.970001
MBWM|104|NASDAQ|2019|10|03|15|30|21000|32.330002|31.6|32.009998|32|regionalmidwestbanks|1.2|-|-|9.15|4.06|570|usa|0.11|0.11|4.03|Jan 21 BMO|financial|57.5|453.970001
MBWM|105|NASDAQ|2019|10|02|15|30|26100|32.279999|31.75|32.18|31.889999|regionalmidwestbanks|1.2|-|-|9.15|4.06|570|usa|0.11|0.11|4.03|Jan 21 BMO|financial|57.5|453.970001
MBWM|106|NASDAQ|2019|10|01|15|30|23100|33.189999|31.969999|32.09|32.98|regionalmidwestbanks|1.2|-|-|9.15|4.06|570|usa|0.11|0.11|4.03|Jan 21 BMO|financial|57.5|453.970001
MBWM|107|NASDAQ|2019|09|30|15|30|25900|33.130001|32.700001|32.799999|32.880001|regionalmidwestbanks|1.2|-|-|9.15|4.06|570|usa|0.11|0.11|4.03|Jan 21 BMO|financial|57.5|453.970001
MBWM|108|NASDAQ|2019|09|27|15|30|18900|33.400002|32.650002|32.830002|32.970001|regionalmidwestbanks|1.2|-|-|9.15|4.06|570|usa|0.11|0.11|4.03|Jan 21 BMO|financial|57.5|453.970001
MBWM|109|NASDAQ|2019|09|26|15|30|28400|33.459999|32.700001|32.799999|33.459999|regionalmidwestbanks|1.2|-|-|9.15|4.06|570|usa|0.11|0.11|4.03|Jan 21 BMO|financial|57.5|453.970001
MBWM|110|NASDAQ|2019|09|25|15|30|28400|33.66|32.93|33.52|32.93|regionalmidwestbanks|1.2|-|-|9.15|4.06|570|usa|0.11|0.11|4.03|Jan 21 BMO|financial|57.5|453.970001
MBWM|111|NASDAQ|2019|09|24|15|30|146500|33.619999|32.77|32.970001|33.5|regionalmidwestbanks|1.2|-|-|9.15|4.06|570|usa|0.11|0.11|4.03|Jan 21 BMO|financial|57.5|453.970001
MBWM|112|NASDAQ|2019|09|23|15|30|26900|33.52|32.93|33.490002|33.150002|regionalmidwestbanks|1.2|-|-|9.15|4.06|570|usa|0.11|0.11|4.03|Jan 21 BMO|financial|57.5|453.970001
MBWM|113|NASDAQ|2019|09|20|15|30|82900|33.98|32.950001|33.630001|33.330002|regionalmidwestbanks|1.2|-|-|9.15|4.06|570|usa|0.11|0.11|4.03|Jan 21 BMO|financial|57.5|453.970001
MBWM|114|NASDAQ|2019|09|19|15|30|25000|34.150002|33.290001|33.330002|33.650002|regionalmidwestbanks|1.2|-|-|9.15|4.06|570|usa|0.11|0.11|4.03|Jan 21 BMO|financial|57.5|453.970001
MBWM|115|NASDAQ|2019|09|18|15|30|35300|33.939999|33.349998|33.700001|33.630001|regionalmidwestbanks|1.2|-|-|9.15|4.06|570|usa|0.11|0.11|4.03|Jan 21 BMO|financial|57.5|453.970001
MBWM|116|NASDAQ|2019|09|17|15|30|23800|33.689999|32.93|33.540001|33.41|regionalmidwestbanks|1.2|-|-|9.15|4.06|570|usa|0.11|0.11|4.03|Jan 21 BMO|financial|57.5|453.970001
MBWM|117|NASDAQ|2019|09|16|15|30|24500|34.07|33.18|33.650002|33.310001|regionalmidwestbanks|1.2|-|-|9.15|4.06|570|usa|0.11|0.11|4.03|Jan 21 BMO|financial|57.5|453.970001
MBWM|118|NASDAQ|2019|09|13|15|30|35100|33.860001|32.889999|33.52|33.240002|regionalmidwestbanks|1.2|-|-|9.15|4.06|570|usa|0.11|0.11|4.03|Jan 21 BMO|financial|57.5|453.970001
MBWM|119|NASDAQ|2019|09|12|15|30|36200|33.509998|32.549999|33.220001|32.959999|regionalmidwestbanks|1.2|-|-|9.15|4.06|570|usa|0.11|0.11|4.03|Jan 21 BMO|financial|57.5|453.970001
MBWM|120|NASDAQ|2019|09|11|15|30|31200|33.220001|32.369999|33.130001|32.439999|regionalmidwestbanks|1.2|-|-|9.15|4.06|570|usa|0.11|0.11|4.03|Jan 21 BMO|financial|57.5|453.970001
MBWM|121|NASDAQ|2019|09|10|15|30|24700|32.490002|31.57|32.330002|31.59|regionalmidwestbanks|1.2|-|-|9.15|4.06|570|usa|0.11|0.11|4.03|Jan 21 BMO|financial|57.5|453.970001
MBWM|122|NASDAQ|2019|09|09|15|30|26000|31.799999|30.74|31.620001|30.77|regionalmidwestbanks|1.2|-|-|9.15|4.06|570|usa|0.11|0.11|4.03|Jan 21 BMO|financial|57.5|453.970001
MBWM|123|NASDAQ|2019|09|06|15|30|25400|31.139999|30.6|30.629999|31.139999|regionalmidwestbanks|1.2|-|-|9.15|4.06|570|usa|0.11|0.11|4.03|Jan 21 BMO|financial|57.5|453.970001
MBWM|124|NASDAQ|2019|09|05|15|30|43700|31.610001|30.719999|31|30.719999|regionalmidwestbanks|1.2|-|-|9.15|4.06|570|usa|0.11|0.11|4.03|Jan 21 BMO|financial|57.5|453.970001
MBWM|125|NASDAQ|2019|09|04|15|30|43200|30.690001|30.209999|30.51|30.41|regionalmidwestbanks|1.2|-|-|9.15|4.06|570|usa|0.11|0.11|4.03|Jan 21 BMO|financial|57.5|453.970001
MBWM|126|NASDAQ|2019|09|03|15|30|28600|30.65|30.120001|30.209999|30.6|regionalmidwestbanks|1.2|-|-|9.15|4.06|570|usa|0.11|0.11|4.03|Jan 21 BMO|financial|57.5|453.970001
MBWM|127|NASDAQ|2019|08|30|15|30|32000|31.1|30.639999|30.77|30.83|regionalmidwestbanks|1.2|-|-|9.15|4.06|570|usa|0.11|0.11|4.03|Jan 21 BMO|financial|57.5|453.970001
MBWM|128|NASDAQ|2019|08|29|15|30|39200|31.68|30.450001|30.83|30.450001|regionalmidwestbanks|1.2|-|-|9.15|4.06|570|usa|0.11|0.11|4.03|Jan 21 BMO|financial|57.5|453.970001
MBWM|129|NASDAQ|2019|08|28|15|30|72700|30.290001|29.780001|30.17|29.889999|regionalmidwestbanks|1.2|-|-|9.15|4.06|570|usa|0.11|0.11|4.03|Jan 21 BMO|financial|57.5|453.970001
MBWM|130|NASDAQ|2019|08|27|15|30|42500|30.73|29.879999|29.91|30.73|regionalmidwestbanks|1.2|-|-|9.15|4.06|570|usa|0.11|0.11|4.03|Jan 21 BMO|financial|57.5|453.970001
MBWM|131|NASDAQ|2019|08|26|15|30|53400|31.07|30.25|30.77|30.52|regionalmidwestbanks|1.2|-|-|9.15|4.06|570|usa|0.11|0.11|4.03|Jan 21 BMO|financial|57.5|453.970001
MBWM|132|NASDAQ|2019|08|23|15|30|48000|31.99|30.200001|30.32|31.49|regionalmidwestbanks|1.2|-|-|9.15|4.06|570|usa|0.11|0.11|4.03|Jan 21 BMO|financial|57.5|453.970001
MBWM|133|NASDAQ|2019|08|22|15|30|31200|32.099998|31.610001|31.639999|31.940001|regionalmidwestbanks|1.2|-|-|9.15|4.06|570|usa|0.11|0.11|4.03|Jan 21 BMO|financial|57.5|453.970001
MBWM|134|NASDAQ|2019|08|21|15|30|39200|32.150002|31.42|31.809999|32.150002|regionalmidwestbanks|1.2|-|-|9.15|4.06|570|usa|0.11|0.11|4.03|Jan 21 BMO|financial|57.5|453.970001
MBWM|135|NASDAQ|2019|08|20|15|30|26200|32.400002|31.82|32.009998|32.029999|regionalmidwestbanks|1.2|-|-|9.15|4.06|570|usa|0.11|0.11|4.03|Jan 21 BMO|financial|57.5|453.970001
MBWM|136|NASDAQ|2019|08|19|15|30|19600|32.619999|32|32.189999|32.619999|regionalmidwestbanks|1.2|-|-|9.15|4.06|570|usa|0.11|0.11|4.03|Jan 21 BMO|financial|57.5|453.970001
MBWM|137|NASDAQ|2019|08|16|15|30|34400|32.189999|31.18|32.139999|31.219999|regionalmidwestbanks|1.2|-|-|9.15|4.06|570|usa|0.11|0.11|4.03|Jan 21 BMO|financial|57.5|453.970001
MBWM|138|NASDAQ|2019|08|15|15|30|20300|31.32|30.969999|31.030001|30.969999|regionalmidwestbanks|1.2|-|-|9.15|4.06|570|usa|0.11|0.11|4.03|Jan 21 BMO|financial|57.5|453.970001
MBWM|139|NASDAQ|2019|08|14|15|30|25600|31.870001|30.959999|31.190001|31.5|regionalmidwestbanks|1.2|-|-|9.15|4.06|570|usa|0.11|0.11|4.03|Jan 21 BMO|financial|57.5|453.970001
MBWM|140|NASDAQ|2019|08|13|15|30|25600|32.150002|31.42|32.07|31.93|regionalmidwestbanks|1.2|-|-|9.15|4.06|570|usa|0.11|0.11|4.03|Jan 21 BMO|financial|57.5|453.970001
MBWM|141|NASDAQ|2019|08|12|15|30|24600|32.080002|30.969999|31.98|31.58|regionalmidwestbanks|1.2|-|-|9.15|4.06|570|usa|0.11|0.11|4.03|Jan 21 BMO|financial|57.5|453.970001
MBWM|142|NASDAQ|2019|08|09|15|30|24400|32.169998|31.309999|31.73|31.65|regionalmidwestbanks|1.2|-|-|9.15|4.06|570|usa|0.11|0.11|4.03|Jan 21 BMO|financial|57.5|453.970001
MBWM|143|NASDAQ|2019|08|08|15|30|46300|31.85|31.35|31.700001|31.469999|regionalmidwestbanks|1.2|-|-|9.15|4.06|570|usa|0.11|0.11|4.03|Jan 21 BMO|financial|57.5|453.970001
MBWM|144|NASDAQ|2019|08|07|15|30|28200|31.32|30.719999|31.23|31.02|regionalmidwestbanks|1.2|-|-|9.15|4.06|570|usa|0.11|0.11|4.03|Jan 21 BMO|financial|57.5|453.970001
MBWM|145|NASDAQ|2019|08|06|15|30|46800|31.799999|31.15|31.5|31.51|regionalmidwestbanks|1.2|-|-|9.15|4.06|570|usa|0.11|0.11|4.03|Jan 21 BMO|financial|57.5|453.970001
MBWM|146|NASDAQ|2019|08|05|15|30|32400|32.220001|30.93|31.469999|32.220001|regionalmidwestbanks|1.2|-|-|9.15|4.06|570|usa|0.11|0.11|4.03|Jan 21 BMO|financial|57.5|453.970001
MBWM|147|NASDAQ|2019|08|02|15|30|23400|32.689999|32.07|32.389999|32.310001|regionalmidwestbanks|1.2|-|-|9.15|4.06|570|usa|0.11|0.11|4.03|Jan 21 BMO|financial|57.5|453.970001
MBWM|148|NASDAQ|2019|08|01|15|30|38800|33.639999|32.5|32.529999|33.34|regionalmidwestbanks|1.2|-|-|9.15|4.06|570|usa|0.11|0.11|4.03|Jan 21 BMO|financial|57.5|453.970001
MBWM|149|NASDAQ|2019|07|31|15|30|48000|34.240002|33.599998|33.599998|33.639999|regionalmidwestbanks|1.2|-|-|9.15|4.06|570|usa|0.11|0.11|4.03|Jan 21 BMO|financial|57.5|453.970001
MBWM|150|NASDAQ|2019|07|30|15|30|29800|33.830002|33.130001|33.66|33.200001|regionalmidwestbanks|1.2|-|-|9.15|4.06|570|usa|0.11|0.11|4.03|Jan 21 BMO|financial|57.5|453.970001
MBWM|151|NASDAQ|2019|07|29|15|30|22000|33.82|33.220001|33.349998|33.700001|regionalmidwestbanks|1.2|-|-|9.15|4.06|570|usa|0.11|0.11|4.03|Jan 21 BMO|financial|57.5|453.970001
MBWM|152|NASDAQ|2019|07|26|15|30|36000|33.869999|32.740002|33.720001|32.82|regionalmidwestbanks|1.2|-|-|9.15|4.06|570|usa|0.11|0.11|4.03|Jan 21 BMO|financial|57.5|453.970001
MBWM|153|NASDAQ|2019|07|25|15|30|18500|33.549999|32.48|32.790001|33.549999|regionalmidwestbanks|1.2|-|-|9.15|4.06|570|usa|0.11|0.11|4.03|Jan 21 BMO|financial|57.5|453.970001
MBWM|154|NASDAQ|2019|07|24|15|30|47900|33.419998|31.91|33.220001|31.91|regionalmidwestbanks|1.2|-|-|9.15|4.06|570|usa|0.11|0.11|4.03|Jan 21 BMO|financial|57.5|453.970001
MBWM|155|NASDAQ|2019|07|23|15|30|24800|32|31.780001|32|31.889999|regionalmidwestbanks|1.2|-|-|9.15|4.06|570|usa|0.11|0.11|4.03|Jan 21 BMO|financial|57.5|453.970001
MBWM|156|NASDAQ|2019|07|22|15|30|36700|31.93|31.459999|31.92|31.879999|regionalmidwestbanks|1.2|-|-|9.15|4.06|570|usa|0.11|0.11|4.03|Jan 21 BMO|financial|57.5|453.970001
MBWM|157|NASDAQ|2019|07|19|15|30|43600|32.330002|31.67|31.969999|31.67|regionalmidwestbanks|1.2|-|-|9.15|4.06|570|usa|0.11|0.11|4.03|Jan 21 BMO|financial|57.5|453.970001
MBWM|158|NASDAQ|2019|07|18|15|30|34300|32|31.549999|31.809999|31.799999|regionalmidwestbanks|1.2|-|-|9.15|4.06|570|usa|0.11|0.11|4.03|Jan 21 BMO|financial|57.5|453.970001
MBWM|159|NASDAQ|2019|07|17|15|30|47500|32.700001|31.76|31.84|32.490002|regionalmidwestbanks|1.2|-|-|9.15|4.06|570|usa|0.11|0.11|4.03|Jan 21 BMO|financial|57.5|453.970001
MBWM|160|NASDAQ|2019|07|16|15|30|64000|34.099998|32.34|32.529999|33.869999|regionalmidwestbanks|1.2|-|-|9.15|4.06|570|usa|0.11|0.11|4.03|Jan 21 BMO|financial|57.5|453.970001
MBWM|161|NASDAQ|2019|07|15|15|30|25700|32.43|31.549999|31.870001|32.43|regionalmidwestbanks|1.2|-|-|9.15|4.06|570|usa|0.11|0.11|4.03|Jan 21 BMO|financial|57.5|453.970001
MBWM|162|NASDAQ|2019|07|12|15|30|35300|32.59|31.700001|32.400002|31.82|regionalmidwestbanks|1.2|-|-|9.15|4.06|570|usa|0.11|0.11|4.03|Jan 21 BMO|financial|57.5|453.970001
MBWM|163|NASDAQ|2019|07|11|15|30|26300|31.950001|31.68|31.84|31.82|regionalmidwestbanks|1.2|-|-|9.15|4.06|570|usa|0.11|0.11|4.03|Jan 21 BMO|financial|57.5|453.970001
MBWM|164|NASDAQ|2019|07|10|15|30|24500|32.189999|31.76|31.870001|32.189999|regionalmidwestbanks|1.2|-|-|9.15|4.06|570|usa|0.11|0.11|4.03|Jan 21 BMO|financial|57.5|453.970001
MBWM|165|NASDAQ|2019|07|09|15|30|19700|32.209999|31.629999|32.209999|32|regionalmidwestbanks|1.2|-|-|9.15|4.06|570|usa|0.11|0.11|4.03|Jan 21 BMO|financial|57.5|453.970001
MBWM|166|NASDAQ|2019|07|08|15|30|17200|32.720001|32.09|32.09|32.540001|regionalmidwestbanks|1.2|-|-|9.15|4.06|570|usa|0.11|0.11|4.03|Jan 21 BMO|financial|57.5|453.970001
MBWM|167|NASDAQ|2019|07|05|15|30|17100|32.740002|32.220001|32.740002|32.360001|regionalmidwestbanks|1.2|-|-|9.15|4.06|570|usa|0.11|0.11|4.03|Jan 21 BMO|financial|57.5|453.970001
MBWM|168|NASDAQ|2019|07|03|15|30|10000|32.549999|32.209999|32.32|32.48|regionalmidwestbanks|1.2|-|-|9.15|4.06|570|usa|0.11|0.11|4.03|Jan 21 BMO|financial|57.5|453.970001
MBWM|169|NASDAQ|2019|07|02|15|30|42200|32.82|31.9|32.25|32.669998|regionalmidwestbanks|1.2|-|-|9.15|4.06|570|usa|0.11|0.11|4.03|Jan 21 BMO|financial|57.5|453.970001
MBWM|170|NASDAQ|2019|07|01|15|30|43500|32.779999|32.139999|32.639999|32.400002|regionalmidwestbanks|1.2|-|-|9.15|4.06|570|usa|0.11|0.11|4.03|Jan 21 BMO|financial|57.5|453.970001
MBWM|171|NASDAQ|2019|06|28|15|30|76100|32.689999|32.09|32.580002|32.150002|regionalmidwestbanks|1.2|-|-|9.15|4.06|570|usa|0.11|0.11|4.03|Jan 21 BMO|financial|57.5|453.970001
MBWM|172|NASDAQ|2019|06|27|15|30|49300|32.150002|31.5|32.099998|31.74|regionalmidwestbanks|1.2|-|-|9.15|4.06|570|usa|0.11|0.11|4.03|Jan 21 BMO|financial|57.5|453.970001
MBWM|173|NASDAQ|2019|06|26|15|30|69000|32|31.440001|31.719999|31.73|regionalmidwestbanks|1.2|-|-|9.15|4.06|570|usa|0.11|0.11|4.03|Jan 21 BMO|financial|57.5|453.970001
MBWM|174|NASDAQ|2019|06|25|15|30|41600|32.099998|31.469999|31.66|31.93|regionalmidwestbanks|1.2|-|-|9.15|4.06|570|usa|0.11|0.11|4.03|Jan 21 BMO|financial|57.5|453.970001
MBWM|175|NASDAQ|2019|06|24|15|30|33800|32.259998|31.610001|32.02|31.629999|regionalmidwestbanks|1.2|-|-|9.15|4.06|570|usa|0.11|0.11|4.03|Jan 21 BMO|financial|57.5|453.970001
MBWM|176|NASDAQ|2019|06|21|15|30|102100|32.080002|31.629999|31.65|31.629999|regionalmidwestbanks|1.2|-|-|9.15|4.06|570|usa|0.11|0.11|4.03|Jan 21 BMO|financial|57.5|453.970001
MBWM|177|NASDAQ|2019|06|20|15|30|38000|32.529999|31.790001|31.84|32.5|regionalmidwestbanks|1.2|-|-|9.15|4.06|570|usa|0.11|0.11|4.03|Jan 21 BMO|financial|57.5|453.970001
MBWM|178|NASDAQ|2019|06|19|15|30|28900|32.689999|32.060001|32.240002|32.52|regionalmidwestbanks|1.2|-|-|9.15|4.06|570|usa|0.11|0.11|4.03|Jan 21 BMO|financial|57.5|453.970001
MBWM|179|NASDAQ|2019|06|18|15|30|30700|32.529999|31.719999|32.34|31.719999|regionalmidwestbanks|1.2|-|-|9.15|4.06|570|usa|0.11|0.11|4.03|Jan 21 BMO|financial|57.5|453.970001
MBWM|180|NASDAQ|2019|06|17|15|30|18600|32.09|31.67|31.77|32.009998|regionalmidwestbanks|1.2|-|-|9.15|4.06|570|usa|0.11|0.11|4.03|Jan 21 BMO|financial|57.5|453.970001
MBWM|181|NASDAQ|2019|06|14|15|30|19100|32.130001|31.52|31.91|31.860001|regionalmidwestbanks|1.2|-|-|9.15|4.06|570|usa|0.11|0.11|4.03|Jan 21 BMO|financial|57.5|453.970001
MBWM|182|NASDAQ|2019|06|13|15|30|25800|32.299999|31.790001|31.889999|32.240002|regionalmidwestbanks|1.2|-|-|9.15|4.06|570|usa|0.11|0.11|4.03|Jan 21 BMO|financial|57.5|453.970001
MBWM|183|NASDAQ|2019|06|12|15|30|17900|32.200001|31.6|31.950001|31.870001|regionalmidwestbanks|1.2|-|-|9.15|4.06|570|usa|0.11|0.11|4.03|Jan 21 BMO|financial|57.5|453.970001
MBWM|184|NASDAQ|2019|06|11|15|30|42700|32.049999|31.200001|31.85|31.200001|regionalmidwestbanks|1.2|-|-|9.15|4.06|570|usa|0.11|0.11|4.03|Jan 21 BMO|financial|57.5|453.970001
MBWM|185|NASDAQ|2019|06|10|15|30|19500|32.080002|31.299999|31.549999|31.41|regionalmidwestbanks|1.2|-|-|9.15|4.06|570|usa|0.11|0.11|4.03|Jan 21 BMO|financial|57.5|453.970001
MBWM|186|NASDAQ|2019|06|07|15|30|21900|31.65|31.07|31.43|31.139999|regionalmidwestbanks|1.2|-|-|9.15|4.06|570|usa|0.11|0.11|4.03|Jan 21 BMO|financial|57.5|453.970001
MBWM|187|NASDAQ|2019|06|06|15|30|18400|31.459999|30.809999|31.34|31.42|regionalmidwestbanks|1.2|-|-|9.15|4.06|570|usa|0.11|0.11|4.03|Jan 21 BMO|financial|57.5|453.970001
MBWM|188|NASDAQ|2019|06|05|15|30|19700|32.279999|31.540001|31.709999|32.23|regionalmidwestbanks|1.2|-|-|9.15|4.06|570|usa|0.11|0.11|4.03|Jan 21 BMO|financial|57.5|453.970001
MBWM|189|NASDAQ|2019|06|04|15|30|19800|32.450001|31.67|32.34|31.67|regionalmidwestbanks|1.2|-|-|9.15|4.06|570|usa|0.11|0.11|4.03|Jan 21 BMO|financial|57.5|453.970001
MBWM|190|NASDAQ|2019|06|03|15|30|40000|31.459999|30.790001|31.43|30.9|regionalmidwestbanks|1.2|-|-|9.15|4.06|570|usa|0.11|0.11|4.03|Jan 21 BMO|financial|57.5|453.970001
MBWM|191|NASDAQ|2019|05|31|15|30|23600|31.049999|30.58|30.85|30.719999|regionalmidwestbanks|1.2|-|-|9.15|4.06|570|usa|0.11|0.11|4.03|Jan 21 BMO|financial|57.5|453.970001
MBWM|192|NASDAQ|2019|05|30|15|30|18600|31.82|30.809999|31.200001|31.82|regionalmidwestbanks|1.2|-|-|9.15|4.06|570|usa|0.11|0.11|4.03|Jan 21 BMO|financial|57.5|453.970001
MBWM|193|NASDAQ|2019|05|29|15|30|21300|31.93|31.32|31.780001|31.48|regionalmidwestbanks|1.2|-|-|9.15|4.06|570|usa|0.11|0.11|4.03|Jan 21 BMO|financial|57.5|453.970001
MBWM|194|NASDAQ|2019|05|28|15|30|26600|32.060001|31.690001|31.84|31.93|regionalmidwestbanks|1.2|-|-|9.15|4.06|570|usa|0.11|0.11|4.03|Jan 21 BMO|financial|57.5|453.970001
MBWM|195|NASDAQ|2019|05|24|15|30|20900|32.200001|31.43|32.150002|31.459999|regionalmidwestbanks|1.2|-|-|9.15|4.06|570|usa|0.11|0.11|4.03|Jan 21 BMO|financial|57.5|453.970001
MBWM|196|NASDAQ|2019|05|23|15|30|27000|32.439999|31.209999|31.459999|32.169998|regionalmidwestbanks|1.2|-|-|9.15|4.06|570|usa|0.11|0.11|4.03|Jan 21 BMO|financial|57.5|453.970001
MBWM|197|NASDAQ|2019|05|22|15|30|23800|32.720001|32.360001|32.490002|32.700001|regionalmidwestbanks|1.2|-|-|9.15|4.06|570|usa|0.11|0.11|4.03|Jan 21 BMO|financial|57.5|453.970001
MBWM|198|NASDAQ|2019|05|21|15|30|55600|33.139999|32.549999|32.709999|32.68|regionalmidwestbanks|1.2|-|-|9.15|4.06|570|usa|0.11|0.11|4.03|Jan 21 BMO|financial|57.5|453.970001
MBWM|199|NASDAQ|2019|05|20|15|30|20500|33.220001|32.639999|32.77|32.75|regionalmidwestbanks|1.2|-|-|9.15|4.06|570|usa|0.11|0.11|4.03|Jan 21 BMO|financial|57.5|453.970001
MBWM|200|NASDAQ|2019|05|17|15|30|29400|33.200001|32.830002|32.849998|33.009998|regionalmidwestbanks|1.2|-|-|9.15|4.06|570|usa|0.11|0.11|4.03|Jan 21 BMO|financial|57.5|453.970001
MBWM|201|NASDAQ|2019|05|16|15|30|31200|33.59|33.110001|33.299999|33.220001|regionalmidwestbanks|1.2|-|-|9.15|4.06|570|usa|0.11|0.11|4.03|Jan 21 BMO|financial|57.5|453.970001
MBWM|202|NASDAQ|2019|05|15|15|30|18500|33.18|32.740002|33.139999|33.02|regionalmidwestbanks|1.2|-|-|9.15|4.06|570|usa|0.11|0.11|4.03|Jan 21 BMO|financial|57.5|453.970001
MBWM|203|NASDAQ|2019|05|14|15|30|16600|33.91|33.099998|33.459999|33.91|regionalmidwestbanks|1.2|-|-|9.15|4.06|570|usa|0.11|0.11|4.03|Jan 21 BMO|financial|57.5|453.970001
MBWM|204|NASDAQ|2019|05|13|15|30|19900|33.900002|32.959999|33.040001|33.709999|regionalmidwestbanks|1.2|-|-|9.15|4.06|570|usa|0.11|0.11|4.03|Jan 21 BMO|financial|57.5|453.970001
MBWM|205|NASDAQ|2019|05|10|15|30|18300|34.259998|33.75|34.189999|34.259998|regionalmidwestbanks|1.2|-|-|9.15|4.06|570|usa|0.11|0.11|4.03|Jan 21 BMO|financial|57.5|453.970001
MBWM|206|NASDAQ|2019|05|09|15|30|26200|34.34|33.25|34.310001|33.5|regionalmidwestbanks|1.2|-|-|9.15|4.06|570|usa|0.11|0.11|4.03|Jan 21 BMO|financial|57.5|453.970001
MBWM|207|NASDAQ|2019|05|08|15|30|13500|33.990002|33.540001|33.560001|33.880001|regionalmidwestbanks|1.2|-|-|9.15|4.06|570|usa|0.11|0.11|4.03|Jan 21 BMO|financial|57.5|453.970001
MBWM|208|NASDAQ|2019|05|07|15|30|14500|34.540001|33.689999|33.849998|34.34|regionalmidwestbanks|1.2|-|-|9.15|4.06|570|usa|0.11|0.11|4.03|Jan 21 BMO|financial|57.5|453.970001
MBWM|209|NASDAQ|2019|05|06|15|30|15000|34.689999|34.139999|34.459999|34.139999|regionalmidwestbanks|1.2|-|-|9.15|4.06|570|usa|0.11|0.11|4.03|Jan 21 BMO|financial|57.5|453.970001
MBWM|210|NASDAQ|2019|05|03|15|30|38700|34.540001|34|34.529999|34.25|regionalmidwestbanks|1.2|-|-|9.15|4.06|570|usa|0.11|0.11|4.03|Jan 21 BMO|financial|57.5|453.970001
MBWM|211|NASDAQ|2019|05|02|15|30|25200|34.18|33.689999|34.099998|33.880001|regionalmidwestbanks|1.2|-|-|9.15|4.06|570|usa|0.11|0.11|4.03|Jan 21 BMO|financial|57.5|453.970001
MBWM|212|NASDAQ|2019|05|01|15|30|23300|34.139999|33.599998|33.82|33.82|regionalmidwestbanks|1.2|-|-|9.15|4.06|570|usa|0.11|0.11|4.03|Jan 21 BMO|financial|57.5|453.970001
MBWM|213|NASDAQ|2019|04|30|15|30|40100|34.169998|33.73|33.799999|34.09|regionalmidwestbanks|1.2|-|-|9.15|4.06|570|usa|0.11|0.11|4.03|Jan 21 BMO|financial|57.5|453.970001
MBWM|214|NASDAQ|2019|04|29|15|30|28900|34.150002|33.689999|34.099998|33.990002|regionalmidwestbanks|1.2|-|-|9.15|4.06|570|usa|0.11|0.11|4.03|Jan 21 BMO|financial|57.5|453.970001
MBWM|215|NASDAQ|2019|04|26|15|30|21200|33.57|32.860001|33.419998|33.380001|regionalmidwestbanks|1.2|-|-|9.15|4.06|570|usa|0.11|0.11|4.03|Jan 21 BMO|financial|57.5|453.970001
MBWM|216|NASDAQ|2019|04|25|15|30|20700|33.400002|32.93|33.389999|33.349998|regionalmidwestbanks|1.2|-|-|9.15|4.06|570|usa|0.11|0.11|4.03|Jan 21 BMO|financial|57.5|453.970001
MBWM|217|NASDAQ|2019|04|24|15|30|21500|33.91|33.049999|33.439999|33.759998|regionalmidwestbanks|1.2|-|-|9.15|4.06|570|usa|0.11|0.11|4.03|Jan 21 BMO|financial|57.5|453.970001
MBWM|218|NASDAQ|2019|04|23|15|30|47200|33.93|32.639999|33.68|33|regionalmidwestbanks|1.2|-|-|9.15|4.06|570|usa|0.11|0.11|4.03|Jan 21 BMO|financial|57.5|453.970001
MBWM|219|NASDAQ|2019|04|22|15|30|14500|33.540001|32.77|32.919998|33.540001|regionalmidwestbanks|1.2|-|-|9.15|4.06|570|usa|0.11|0.11|4.03|Jan 21 BMO|financial|57.5|453.970001
MBWM|220|NASDAQ|2019|04|18|15|30|22900|33.939999|33.16|33.439999|33.52|regionalmidwestbanks|1.2|-|-|9.15|4.06|570|usa|0.11|0.11|4.03|Jan 21 BMO|financial|57.5|453.970001
MBWM|221|NASDAQ|2019|04|17|15|30|27500|34|32.82|33.799999|34|regionalmidwestbanks|1.2|-|-|9.15|4.06|570|usa|0.11|0.11|4.03|Jan 21 BMO|financial|57.5|453.970001
MBWM|222|NASDAQ|2019|04|16|15|30|30500|34.490002|32.68|33.900002|32.68|regionalmidwestbanks|1.2|-|-|9.15|4.06|570|usa|0.11|0.11|4.03|Jan 21 BMO|financial|57.5|453.970001
MBWM|223|NASDAQ|2019|04|15|15|30|23500|34.189999|33.400002|33.75|33.869999|regionalmidwestbanks|1.2|-|-|9.15|4.06|570|usa|0.11|0.11|4.03|Jan 21 BMO|financial|57.5|453.970001
MBWM|224|NASDAQ|2019|04|12|15|30|27200|33.959999|33.310001|33.860001|33.66|regionalmidwestbanks|1.2|-|-|9.15|4.06|570|usa|0.11|0.11|4.03|Jan 21 BMO|financial|57.5|453.970001
MBWM|225|NASDAQ|2019|04|11|15|30|10700|33.82|33.389999|33.400002|33.619999|regionalmidwestbanks|1.2|-|-|9.15|4.06|570|usa|0.11|0.11|4.03|Jan 21 BMO|financial|57.5|453.970001
MBWM|226|NASDAQ|2019|04|10|15|30|18600|33.360001|32.77|33.330002|32.869999|regionalmidwestbanks|1.2|-|-|9.15|4.06|570|usa|0.11|0.11|4.03|Jan 21 BMO|financial|57.5|453.970001
MBWM|227|NASDAQ|2019|04|09|15|30|14400|33.470001|32.779999|32.779999|33.27|regionalmidwestbanks|1.2|-|-|9.15|4.06|570|usa|0.11|0.11|4.03|Jan 21 BMO|financial|57.5|453.970001
MBWM|228|NASDAQ|2019|04|08|15|30|13500|33.830002|33.34|33.490002|33.619999|regionalmidwestbanks|1.2|-|-|9.15|4.06|570|usa|0.11|0.11|4.03|Jan 21 BMO|financial|57.5|453.970001
MBWM|229|NASDAQ|2019|04|05|15|30|34400|33.73|32.279999|33.630001|33|regionalmidwestbanks|1.2|-|-|9.15|4.06|570|usa|0.11|0.11|4.03|Jan 21 BMO|financial|57.5|453.970001
MBWM|230|NASDAQ|2019|04|04|15|30|16400|33.450001|32.59|32.990002|32.75|regionalmidwestbanks|1.2|-|-|9.15|4.06|570|usa|0.11|0.11|4.03|Jan 21 BMO|financial|57.5|453.970001
MBWM|231|NASDAQ|2019|04|03|15|30|17000|33.18|32.66|32.740002|33.18|regionalmidwestbanks|1.2|-|-|9.15|4.06|570|usa|0.11|0.11|4.03|Jan 21 BMO|financial|57.5|453.970001
MBWM|232|NASDAQ|2019|04|02|15|30|19800|33.259998|32.790001|32.830002|33.060001|regionalmidwestbanks|1.2|-|-|9.15|4.06|570|usa|0.11|0.11|4.03|Jan 21 BMO|financial|57.5|453.970001
MBWM|233|NASDAQ|2019|04|01|15|30|23800|33.470001|32.900002|33.189999|33.060001|regionalmidwestbanks|1.2|-|-|9.15|4.06|570|usa|0.11|0.11|4.03|Jan 21 BMO|financial|57.5|453.970001
MBWM|234|NASDAQ|2019|03|29|14|30|34300|33.299999|32.369999|32.720001|33.049999|regionalmidwestbanks|1.2|-|-|9.15|4.06|570|usa|0.11|0.11|4.03|Jan 21 BMO|financial|57.5|453.970001
MBWM|235|NASDAQ|2019|03|28|14|30|23200|32.919998|32.330002|32.830002|32.490002|regionalmidwestbanks|1.2|-|-|9.15|4.06|570|usa|0.11|0.11|4.03|Jan 21 BMO|financial|57.5|453.970001
MBWM|236|NASDAQ|2019|03|27|14|30|39400|32.619999|31.93|32.580002|32.540001|regionalmidwestbanks|1.2|-|-|9.15|4.06|570|usa|0.11|0.11|4.03|Jan 21 BMO|financial|57.5|453.970001
MBWM|237|NASDAQ|2019|03|26|14|30|20200|32.389999|31.629999|32.389999|31.629999|regionalmidwestbanks|1.2|-|-|9.15|4.06|570|usa|0.11|0.11|4.03|Jan 21 BMO|financial|57.5|453.970001
MBWM|238|NASDAQ|2019|03|25|14|30|22600|31.709999|30.83|31.549999|31.01|regionalmidwestbanks|1.2|-|-|9.15|4.06|570|usa|0.11|0.11|4.03|Jan 21 BMO|financial|57.5|453.970001
MBWM|239|NASDAQ|2019|03|22|14|30|51300|32.57|30.66|30.93|32.189999|regionalmidwestbanks|1.2|-|-|9.15|4.06|570|usa|0.11|0.11|4.03|Jan 21 BMO|financial|57.5|453.970001
MBWM|240|NASDAQ|2019|03|21|14|30|36900|33.25|32.279999|32.439999|32.529999|regionalmidwestbanks|1.2|-|-|9.15|4.06|570|usa|0.11|0.11|4.03|Jan 21 BMO|financial|57.5|453.970001
MBWM|241|NASDAQ|2019|03|20|14|30|30600|33.779999|32.400002|32.549999|33.419998|regionalmidwestbanks|1.2|-|-|9.15|4.06|570|usa|0.11|0.11|4.03|Jan 21 BMO|financial|57.5|453.970001
MBWM|242|NASDAQ|2019|03|19|14|30|11000|34.23|33.220001|33.27|34.220001|regionalmidwestbanks|1.2|-|-|9.15|4.06|570|usa|0.11|0.11|4.03|Jan 21 BMO|financial|57.5|453.970001
MBWM|243|NASDAQ|2019|03|18|14|30|20000|34.619999|33.970001|34.130001|33.970001|regionalmidwestbanks|1.2|-|-|9.15|4.06|570|usa|0.11|0.11|4.03|Jan 21 BMO|financial|57.5|453.970001
MBWM|244|NASDAQ|2019|03|15|14|30|87700|34.439999|33.709999|33.970001|33.880001|regionalmidwestbanks|1.2|-|-|9.15|4.06|570|usa|0.11|0.11|4.03|Jan 21 BMO|financial|57.5|453.970001
MBWM|245|NASDAQ|2019|03|14|14|30|13000|34.099998|33.720001|33.919998|33.779999|regionalmidwestbanks|1.2|-|-|9.15|4.06|570|usa|0.11|0.11|4.03|Jan 21 BMO|financial|57.5|453.970001
MBWM|246|NASDAQ|2019|03|13|14|30|15000|34.040001|33.709999|33.790001|33.709999|regionalmidwestbanks|1.2|-|-|9.15|4.06|570|usa|0.11|0.11|4.03|Jan 21 BMO|financial|57.5|453.970001
MBWM|247|NASDAQ|2019|03|12|14|30|19300|34.119999|33.43|33.779999|33.959999|regionalmidwestbanks|1.2|-|-|9.15|4.06|570|usa|0.11|0.11|4.03|Jan 21 BMO|financial|57.5|453.970001
MBWM|248|NASDAQ|2019|03|11|14|30|33900|33.950001|33.220001|33.880001|33.279999|regionalmidwestbanks|1.2|-|-|9.15|4.06|570|usa|0.11|0.11|4.03|Jan 21 BMO|financial|57.5|453.970001
