empresa|antiguedad|mercado|anio|mes|dia|hora|minuto|volumen|high|low|close|open|industria|Insider Own|Quick Ratio|Current Ratio|P/E|Dividend %|Employees|geo|Debt/Eq|LT Debt/Eq|EPS next Y|Earnings|sector|Inst Own|Market Cap
SBUX|0|NASDAQ|2020|02|26|15|30|10541500|83.239998|80.639999|80.669998|82.599998|specialtyeateries|0.1|0.5|0.7|24.6|2.18|346000|usa|-|-|17.700001|Jan 28 AMC|services|70.800003|89420
SBUX|1|NASDAQ|2020|02|25|15|30|9404000|85.349998|81.669998|82.190002|85.019997|specialtyeateries|0.1|0.5|0.7|24.6|2.18|346000|usa|-|-|17.700001|Jan 28 AMC|services|70.800003|89420
SBUX|2|NASDAQ|2020|02|24|15|30|8313600|86.050003|84.260002|84.519997|84.529999|specialtyeateries|0.1|0.5|0.7|24.6|2.18|346000|usa|-|-|17.700001|Jan 28 AMC|services|70.800003|89420
SBUX|3|NASDAQ|2020|02|21|15|30|5800500|88.389999|87|87.360001|88|specialtyeateries|0.1|0.5|0.7|24.6|2.18|346000|usa|-|-|17.700001|Jan 28 AMC|services|70.800003|89420
SBUX|4|NASDAQ|2020|02|20|15|30|5969200|90.25|87.730003|88.599998|89.730003|specialtyeateries|0.1|0.5|0.7|24.6|2.18|346000|usa|-|-|17.700001|Jan 28 AMC|services|70.800003|89420
SBUX|5|NASDAQ|2020|02|19|15|30|5210800|90.440002|89.300003|90.139999|89.489998|specialtyeateries|0.1|0.5|0.7|24.6|2.18|346000|usa|-|-|17.700001|Jan 28 AMC|services|70.800003|89420
SBUX|6|NASDAQ|2020|02|18|15|30|5288800|89.470001|88.290001|89.230003|89.370003|specialtyeateries|0.1|0.5|0.7|24.6|2.18|346000|usa|-|-|17.700001|Jan 28 AMC|services|70.800003|89420
SBUX|7|NASDAQ|2020|02|14|15|30|5686900|90.410004|88.989998|89.279999|90.18|specialtyeateries|0.1|0.5|0.7|24.6|2.18|346000|usa|-|-|17.700001|Jan 28 AMC|services|70.800003|89420
SBUX|8|NASDAQ|2020|02|13|15|30|8576600|90.510002|88.260002|89.93|88.5|specialtyeateries|0.1|0.5|0.7|24.6|2.18|346000|usa|-|-|17.700001|Jan 28 AMC|services|70.800003|89420
SBUX|9|NASDAQ|2020|02|12|15|30|7747800|89.099998|87.389999|88.57|87.709999|specialtyeateries|0.1|0.5|0.7|24.6|2.18|346000|usa|-|-|17.700001|Jan 28 AMC|services|70.800003|89420
SBUX|10|NASDAQ|2020|02|11|15|30|5098500|88.230003|87.349998|87.510002|87.860001|specialtyeateries|0.1|0.5|0.7|24.6|2.18|346000|usa|-|-|17.700001|Jan 28 AMC|services|70.800003|89420
SBUX|11|NASDAQ|2020|02|10|15|30|7289300|87.620003|86.169998|87.529999|86.43|specialtyeateries|0.1|0.5|0.7|24.6|2.18|346000|usa|-|-|17.700001|Jan 28 AMC|services|70.800003|89420
SBUX|12|NASDAQ|2020|02|07|15|30|8073900|86.620003|85.32|86.419998|85.760002|specialtyeateries|0.1|0.5|0.7|24.6|2.18|346000|usa|-|-|17.700001|Jan 28 AMC|services|70.800003|89420
SBUX|13|NASDAQ|2020|02|06|15|30|8901400|87.699997|86.150002|86.150002|87.650002|specialtyeateries|0.1|0.5|0.7|24.6|2.18|346000|usa|-|-|17.700001|Jan 28 AMC|services|70.800003|89420
SBUX|14|NASDAQ|2020|02|05|15|30|9982700|89.199997|86.629997|87.559998|88.879997|specialtyeateries|0.1|0.5|0.7|24.6|2.18|346000|usa|-|-|17.700001|Jan 28 AMC|services|70.800003|89420
SBUX|15|NASDAQ|2020|02|04|15|30|9997100|89|86.620003|88.379997|87.139999|specialtyeateries|0.1|0.5|0.7|24.6|2.18|346000|usa|-|-|17.700001|Jan 28 AMC|services|70.800003|89420
SBUX|16|NASDAQ|2020|02|03|15|30|9092600|86.790001|85.07|86.010002|85.07|specialtyeateries|0.1|0.5|0.7|24.6|2.18|346000|usa|-|-|17.700001|Jan 28 AMC|services|70.800003|89420
SBUX|17|NASDAQ|2020|01|31|15|30|11693900|85.989998|84.519997|84.830002|85.790001|specialtyeateries|0.1|0.5|0.7|24.6|2.18|346000|usa|-|-|17.700001|Jan 28 AMC|services|70.800003|89420
SBUX|18|NASDAQ|2020|01|30|15|30|12224900|86.589996|84.690002|85.839996|85.449997|specialtyeateries|0.1|0.5|0.7|24.6|2.18|346000|usa|-|-|17.700001|Jan 28 AMC|services|70.800003|89420
SBUX|19|NASDAQ|2020|01|29|15|30|17678700|88.440002|85.599998|86.720001|88.150002|specialtyeateries|0.1|0.5|0.7|24.6|2.18|346000|usa|-|-|17.700001|Jan 28 AMC|services|70.800003|89420
SBUX|20|NASDAQ|2020|01|28|15|30|11922400|89.190002|87.720001|88.599998|89.050003|specialtyeateries|0.1|0.5|0.7|24.6|2.18|346000|usa|-|-|17.700001|Jan 28 AMC|services|70.800003|89420
SBUX|21|NASDAQ|2020|01|27|15|30|11066500|89.449997|87.550003|88.730003|88.629997|specialtyeateries|0.1|0.5|0.7|24.6|2.18|346000|usa|-|-|17.700001|Jan 28 AMC|services|70.800003|89420
SBUX|22|NASDAQ|2020|01|24|15|30|7815500|94.129997|91.339996|92.029999|94|specialtyeateries|0.1|0.5|0.7|24.6|2.18|346000|usa|-|-|17.700001|Jan 28 AMC|services|70.800003|89420
SBUX|23|NASDAQ|2020|01|23|15|30|6100600|93.849998|90.739998|93.75|91.919998|specialtyeateries|0.1|0.5|0.7|24.6|2.18|346000|usa|-|-|17.700001|Jan 28 AMC|services|70.800003|89420
SBUX|24|NASDAQ|2020|01|22|15|30|6157400|93.75|92.470001|92.529999|93.139999|specialtyeateries|0.1|0.5|0.7|24.6|2.18|346000|usa|-|-|17.700001|Jan 28 AMC|services|70.800003|89420
SBUX|25|NASDAQ|2020|01|21|15|30|7094600|93.599998|92.190002|92.529999|92.830002|specialtyeateries|0.1|0.5|0.7|24.6|2.18|346000|usa|-|-|17.700001|Jan 28 AMC|services|70.800003|89420
SBUX|26|NASDAQ|2020|01|17|15|30|6962800|93.75|92.809998|93.620003|92.93|specialtyeateries|0.1|0.5|0.7|24.6|2.18|346000|usa|-|-|17.700001|Jan 28 AMC|services|70.800003|89420
SBUX|27|NASDAQ|2020|01|16|15|30|5180300|92.610001|91.629997|92.580002|91.989998|specialtyeateries|0.1|0.5|0.7|24.6|2.18|346000|usa|-|-|17.700001|Jan 28 AMC|services|70.800003|89420
SBUX|28|NASDAQ|2020|01|15|15|30|6145300|92.059998|91|91.540001|91|specialtyeateries|0.1|0.5|0.7|24.6|2.18|346000|usa|-|-|17.700001|Jan 28 AMC|services|70.800003|89420
SBUX|29|NASDAQ|2020|01|14|15|30|5855200|91.440002|90.860001|90.989998|91.190002|specialtyeateries|0.1|0.5|0.7|24.6|2.18|346000|usa|-|-|17.700001|Jan 28 AMC|services|70.800003|89420
SBUX|30|NASDAQ|2020|01|13|15|30|7382500|91.720001|90.209999|91.080002|90.620003|specialtyeateries|0.1|0.5|0.7|24.6|2.18|346000|usa|-|-|17.700001|Jan 28 AMC|services|70.800003|89420
SBUX|31|NASDAQ|2020|01|10|15|30|7097900|90.889999|89.629997|90.160004|90.800003|specialtyeateries|0.1|0.5|0.7|24.6|2.18|346000|usa|-|-|17.700001|Jan 28 AMC|services|70.800003|89420
SBUX|32|NASDAQ|2020|01|09|15|30|9443500|91.160004|90.07|90.529999|90.25|specialtyeateries|0.1|0.5|0.7|24.6|2.18|346000|usa|-|-|17.700001|Jan 28 AMC|services|70.800003|89420
SBUX|33|NASDAQ|2020|01|08|15|30|7296300|89.349998|87.779999|88.879997|87.940002|specialtyeateries|0.1|0.5|0.7|24.6|2.18|346000|usa|-|-|17.700001|Jan 28 AMC|services|70.800003|89420
SBUX|34|NASDAQ|2020|01|07|15|30|6514700|88.029999|87.129997|87.860001|87.959999|specialtyeateries|0.1|0.5|0.7|24.6|2.18|346000|usa|-|-|17.700001|Jan 28 AMC|services|70.800003|89420
SBUX|35|NASDAQ|2020|01|06|15|30|5409800|88.410004|87.470001|88.129997|88.110001|specialtyeateries|0.1|0.5|0.7|24.6|2.18|346000|usa|-|-|17.700001|Jan 28 AMC|services|70.800003|89420
SBUX|36|NASDAQ|2020|01|03|15|30|4874100|89.099998|88.099998|88.830002|88.660004|specialtyeateries|0.1|0.5|0.7|24.6|2.18|346000|usa|-|-|17.700001|Jan 28 AMC|services|70.800003|89420
SBUX|37|NASDAQ|2020|01|02|15|30|6473800|89.349998|88.050003|89.349998|88.120003|specialtyeateries|0.1|0.5|0.7|24.6|2.18|346000|usa|-|-|17.700001|Jan 28 AMC|services|70.800003|89420
SBUX|38|NASDAQ|2019|12|31|15|30|4115600|87.989998|87.309998|87.919998|87.440002|specialtyeateries|0.1|0.5|0.7|24.6|2.18|346000|usa|-|-|17.700001|Jan 28 AMC|services|70.800003|89420
SBUX|39|NASDAQ|2019|12|30|15|30|4655600|88.199997|87.059998|87.440002|88.010002|specialtyeateries|0.1|0.5|0.7|24.6|2.18|346000|usa|-|-|17.700001|Jan 28 AMC|services|70.800003|89420
SBUX|40|NASDAQ|2019|12|27|15|30|4129300|88.459999|87.690002|88.129997|88.110001|specialtyeateries|0.1|0.5|0.7|24.6|2.18|346000|usa|-|-|17.700001|Jan 28 AMC|services|70.800003|89420
SBUX|41|NASDAQ|2019|12|26|15|30|4177700|88.760002|87.790001|88.080002|88.730003|specialtyeateries|0.1|0.5|0.7|24.6|2.18|346000|usa|-|-|17.700001|Jan 28 AMC|services|70.800003|89420
SBUX|42|NASDAQ|2019|12|24|15|30|1847800|88.599998|88|88.519997|88.199997|specialtyeateries|0.1|0.5|0.7|24.6|2.18|346000|usa|-|-|17.700001|Jan 28 AMC|services|70.800003|89420
SBUX|43|NASDAQ|2019|12|23|15|30|4349700|88.849998|88.18|88.230003|88.620003|specialtyeateries|0.1|0.5|0.7|24.6|2.18|346000|usa|-|-|17.700001|Jan 28 AMC|services|70.800003|89420
SBUX|44|NASDAQ|2019|12|20|15|30|14271500|89|87.889999|88.459999|88.790001|specialtyeateries|0.1|0.5|0.7|24.6|2.18|346000|usa|-|-|17.700001|Jan 28 AMC|services|70.800003|89420
SBUX|45|NASDAQ|2019|12|19|15|30|6022100|88.589996|87.580002|88.519997|87.830002|specialtyeateries|0.1|0.5|0.7|24.6|2.18|346000|usa|-|-|17.700001|Jan 28 AMC|services|70.800003|89420
SBUX|46|NASDAQ|2019|12|18|15|30|5859200|88.849998|87.82|87.989998|88.389999|specialtyeateries|0.1|0.5|0.7|24.6|2.18|346000|usa|-|-|17.700001|Jan 28 AMC|services|70.800003|89420
SBUX|47|NASDAQ|2019|12|17|15|30|7296900|88.970001|87.470001|88.129997|88.870003|specialtyeateries|0.1|0.5|0.7|24.6|2.18|346000|usa|-|-|17.700001|Jan 28 AMC|services|70.800003|89420
SBUX|48|NASDAQ|2019|12|16|15|30|6705600|89.300003|88.43|88.779999|89.139999|specialtyeateries|0.1|0.5|0.7|24.6|2.18|346000|usa|-|-|17.700001|Jan 28 AMC|services|70.800003|89420
SBUX|49|NASDAQ|2019|12|13|15|30|6714100|88.790001|87.580002|88.669998|88.019997|specialtyeateries|0.1|0.5|0.7|24.6|2.18|346000|usa|-|-|17.700001|Jan 28 AMC|services|70.800003|89420
SBUX|50|NASDAQ|2019|12|12|15|30|10282100|88.889999|87.540001|88.209999|88|specialtyeateries|0.1|0.5|0.7|24.6|2.18|346000|usa|-|-|17.700001|Jan 28 AMC|services|70.800003|89420
SBUX|51|NASDAQ|2019|12|11|15|30|4921900|86.870003|85.849998|86.589996|86.260002|specialtyeateries|0.1|0.5|0.7|24.6|2.18|346000|usa|-|-|17.700001|Jan 28 AMC|services|70.800003|89420
SBUX|52|NASDAQ|2019|12|10|15|30|7944800|87.470001|85.910004|86.040001|86.5|specialtyeateries|0.1|0.5|0.7|24.6|2.18|346000|usa|-|-|17.700001|Jan 28 AMC|services|70.800003|89420
SBUX|53|NASDAQ|2019|12|09|15|30|7164700|86.629997|85.959999|86.279999|86.309998|specialtyeateries|0.1|0.5|0.7|24.6|2.18|346000|usa|-|-|17.700001|Jan 28 AMC|services|70.800003|89420
SBUX|54|NASDAQ|2019|12|06|15|30|8499800|86.529999|85.029999|86.32|85.029999|specialtyeateries|0.1|0.5|0.7|24.6|2.18|346000|usa|-|-|17.700001|Jan 28 AMC|services|70.800003|89420
SBUX|55|NASDAQ|2019|12|05|15|30|5170800|85.480003|84.32|84.449997|85.440002|specialtyeateries|0.1|0.5|0.7|24.6|2.18|346000|usa|-|-|17.700001|Jan 28 AMC|services|70.800003|89420
SBUX|56|NASDAQ|2019|12|04|15|30|5940300|85.540001|84.699997|85.400002|85.129997|specialtyeateries|0.1|0.5|0.7|24.6|2.18|346000|usa|-|-|17.700001|Jan 28 AMC|services|70.800003|89420
SBUX|57|NASDAQ|2019|12|03|15|30|6049800|85|83.82|84.82|84.029999|specialtyeateries|0.1|0.5|0.7|24.6|2.18|346000|usa|-|-|17.700001|Jan 28 AMC|services|70.800003|89420
SBUX|58|NASDAQ|2019|12|02|15|30|6425800|85.769997|83.82|84.57|85.379997|specialtyeateries|0.1|0.5|0.7|24.6|2.18|346000|usa|-|-|17.700001|Jan 28 AMC|services|70.800003|89420
SBUX|59|NASDAQ|2019|11|29|15|30|3857000|86.730003|85.25|85.43|85.910004|specialtyeateries|0.1|0.5|0.7|24.6|2.18|346000|usa|-|-|17.700001|Jan 28 AMC|services|70.800003|89420
SBUX|60|NASDAQ|2019|11|27|15|30|7502400|85.809998|84.419998|85.769997|84.849998|specialtyeateries|0.1|0.5|0.7|24.6|2.18|346000|usa|-|-|17.700001|Jan 28 AMC|services|70.800003|89420
SBUX|61|NASDAQ|2019|11|26|15|30|7651500|84.650002|84|84.559998|84.129997|specialtyeateries|0.1|0.5|0.7|24.6|2.18|346000|usa|-|-|17.700001|Jan 28 AMC|services|70.800003|89420
SBUX|62|NASDAQ|2019|11|25|15|30|5450400|84|82.93|83.75|83.160004|specialtyeateries|0.1|0.5|0.7|24.6|2.18|346000|usa|-|-|17.700001|Jan 28 AMC|services|70.800003|89420
SBUX|63|NASDAQ|2019|11|22|15|30|6080400|83.389999|82.660004|83.019997|82.690002|specialtyeateries|0.1|0.5|0.7|24.6|2.18|346000|usa|-|-|17.700001|Jan 28 AMC|services|70.800003|89420
SBUX|64|NASDAQ|2019|11|21|15|30|8300500|84.040001|81.760002|82.300003|83.75|specialtyeateries|0.1|0.5|0.7|24.6|2.18|346000|usa|-|-|17.700001|Jan 28 AMC|services|70.800003|89420
SBUX|65|NASDAQ|2019|11|20|15|30|6248700|84.489998|82.980003|83.599998|83.540001|specialtyeateries|0.1|0.5|0.7|24.6|2.18|346000|usa|-|-|17.700001|Jan 28 AMC|services|70.800003|89420
SBUX|66|NASDAQ|2019|11|19|15|30|6008400|84.279999|83.57|83.660004|84.059998|specialtyeateries|0.1|0.5|0.7|24.6|2.18|346000|usa|-|-|17.700001|Jan 28 AMC|services|70.800003|89420
SBUX|67|NASDAQ|2019|11|18|15|30|6432200|84.110001|83.25|84.019997|83.919998|specialtyeateries|0.1|0.5|0.7|24.6|2.18|346000|usa|-|-|17.700001|Jan 28 AMC|services|70.800003|89420
SBUX|68|NASDAQ|2019|11|15|15|30|7533000|84.940002|83.57|84.209999|84.68|specialtyeateries|0.1|0.5|0.7|24.6|2.18|346000|usa|-|-|17.700001|Jan 28 AMC|services|70.800003|89420
SBUX|69|NASDAQ|2019|11|14|15|30|5285100|84.519997|83.800003|84.379997|84.099998|specialtyeateries|0.1|0.5|0.7|24.6|2.18|346000|usa|-|-|17.700001|Jan 28 AMC|services|70.800003|89420
SBUX|70|NASDAQ|2019|11|13|15|30|7407900|84.290001|83.199997|83.940002|83.290001|specialtyeateries|0.1|0.5|0.7|24.6|2.18|346000|usa|-|-|17.700001|Jan 28 AMC|services|70.800003|89420
SBUX|71|NASDAQ|2019|11|12|15|30|8551400|83.980003|82.610001|83.32|82.690002|specialtyeateries|0.1|0.5|0.7|24.6|2.18|346000|usa|-|-|17.700001|Jan 28 AMC|services|70.800003|89420
SBUX|72|NASDAQ|2019|11|11|15|30|5828200|82.529999|81.370003|82.43|81.75|specialtyeateries|0.1|0.5|0.7|24.6|2.18|346000|usa|-|-|17.700001|Jan 28 AMC|services|70.800003|89420
SBUX|73|NASDAQ|2019|11|08|15|30|7054800|82.639999|81.449997|81.769997|82.190002|specialtyeateries|0.1|0.5|0.7|24.6|2.18|346000|usa|-|-|17.700001|Jan 28 AMC|services|70.800003|89420
SBUX|74|NASDAQ|2019|11|07|15|30|7221400|83.290001|81.839996|81.949997|83.059998|specialtyeateries|0.1|0.5|0.7|24.6|2.18|346000|usa|-|-|17.700001|Jan 28 AMC|services|70.800003|89420
SBUX|75|NASDAQ|2019|11|06|15|30|6365300|83.370003|82|82.989998|82.080002|specialtyeateries|0.1|0.5|0.7|24.6|2.18|346000|usa|-|-|17.700001|Jan 28 AMC|services|70.800003|89420
SBUX|76|NASDAQ|2019|11|05|15|30|7054400|82.339996|81.029999|81.889999|82.339996|specialtyeateries|0.1|0.5|0.7|24.6|2.18|346000|usa|-|-|17.700001|Jan 28 AMC|services|70.800003|89420
SBUX|77|NASDAQ|2019|11|04|15|30|8271200|83.440002|81.900002|82.370003|83.300003|specialtyeateries|0.1|0.5|0.7|24.6|2.18|346000|usa|-|-|17.700001|Jan 28 AMC|services|70.800003|89420
SBUX|78|NASDAQ|2019|11|01|14|30|10658500|85.309998|82.610001|83.209999|84.790001|specialtyeateries|0.1|0.5|0.7|24.6|2.18|346000|usa|-|-|17.700001|Jan 28 AMC|services|70.800003|89420
SBUX|79|NASDAQ|2019|10|31|14|30|14008800|87.220001|83.279999|84.559998|86.709999|specialtyeateries|0.1|0.5|0.7|24.6|2.18|346000|usa|-|-|17.700001|Jan 28 AMC|services|70.800003|89420
SBUX|80|NASDAQ|2019|10|30|14|30|8731300|84.699997|83.32|84.190002|84.610001|specialtyeateries|0.1|0.5|0.7|24.6|2.18|346000|usa|-|-|17.700001|Jan 28 AMC|services|70.800003|89420
SBUX|81|NASDAQ|2019|10|29|14|30|5699100|84.629997|83.639999|84.129997|83.809998|specialtyeateries|0.1|0.5|0.7|24.6|2.18|346000|usa|-|-|17.700001|Jan 28 AMC|services|70.800003|89420
SBUX|82|NASDAQ|2019|10|28|14|30|6653400|84.980003|83.360001|83.599998|84.470001|specialtyeateries|0.1|0.5|0.7|24.6|2.18|346000|usa|-|-|17.700001|Jan 28 AMC|services|70.800003|89420
SBUX|83|NASDAQ|2019|10|25|15|30|5235300|83.57|82.629997|83.379997|83.209999|specialtyeateries|0.1|0.5|0.7|24.6|2.18|346000|usa|-|-|17.700001|Jan 28 AMC|services|70.800003|89420
SBUX|84|NASDAQ|2019|10|24|15|30|4591100|83.529999|82.660004|83.18|82.800003|specialtyeateries|0.1|0.5|0.7|24.6|2.18|346000|usa|-|-|17.700001|Jan 28 AMC|services|70.800003|89420
SBUX|85|NASDAQ|2019|10|23|15|30|7136200|84.410004|82.129997|82.739998|84.309998|specialtyeateries|0.1|0.5|0.7|24.6|2.18|346000|usa|-|-|17.700001|Jan 28 AMC|services|70.800003|89420
SBUX|86|NASDAQ|2019|10|22|15|30|5767500|85.349998|83.389999|83.459999|85.230003|specialtyeateries|0.1|0.5|0.7|24.6|2.18|346000|usa|-|-|17.700001|Jan 28 AMC|services|70.800003|89420
SBUX|87|NASDAQ|2019|10|21|15|30|4861200|86.239998|85.080002|85.349998|86|specialtyeateries|0.1|0.5|0.7|24.6|2.18|346000|usa|-|-|17.700001|Jan 28 AMC|services|70.800003|89420
SBUX|88|NASDAQ|2019|10|18|15|30|4631200|86.75|85.519997|86.029999|86.349998|specialtyeateries|0.1|0.5|0.7|24.6|2.18|346000|usa|-|-|17.700001|Jan 28 AMC|services|70.800003|89420
SBUX|89|NASDAQ|2019|10|17|15|30|4359400|87.019997|86.160004|86.290001|86.879997|specialtyeateries|0.1|0.5|0.7|24.6|2.18|346000|usa|-|-|17.700001|Jan 28 AMC|services|70.800003|89420
SBUX|90|NASDAQ|2019|10|16|15|30|3698700|86.830002|86.050003|86.709999|86.529999|specialtyeateries|0.1|0.5|0.7|24.6|2.18|346000|usa|-|-|17.700001|Jan 28 AMC|services|70.800003|89420
SBUX|91|NASDAQ|2019|10|15|15|30|4695100|87.25|85.760002|86.449997|87|specialtyeateries|0.1|0.5|0.7|24.6|2.18|346000|usa|-|-|17.700001|Jan 28 AMC|services|70.800003|89420
SBUX|92|NASDAQ|2019|10|14|15|30|4881000|87.68|86.400002|86.620003|86.5|specialtyeateries|0.1|0.5|0.7|24.6|2.18|346000|usa|-|-|17.700001|Jan 28 AMC|services|70.800003|89420
SBUX|93|NASDAQ|2019|10|11|15|30|5611000|87.25|86.260002|86.360001|87.019997|specialtyeateries|0.1|0.5|0.7|24.6|2.18|346000|usa|-|-|17.700001|Jan 28 AMC|services|70.800003|89420
SBUX|94|NASDAQ|2019|10|10|15|30|3986000|86.07|85.379997|85.959999|85.910004|specialtyeateries|0.1|0.5|0.7|24.6|2.18|346000|usa|-|-|17.700001|Jan 28 AMC|services|70.800003|89420
SBUX|95|NASDAQ|2019|10|09|15|30|4427200|86.169998|85.279999|85.849998|85.370003|specialtyeateries|0.1|0.5|0.7|24.6|2.18|346000|usa|-|-|17.700001|Jan 28 AMC|services|70.800003|89420
SBUX|96|NASDAQ|2019|10|08|15|30|6100400|86.330002|84.690002|84.910004|85.489998|specialtyeateries|0.1|0.5|0.7|24.6|2.18|346000|usa|-|-|17.700001|Jan 28 AMC|services|70.800003|89420
SBUX|97|NASDAQ|2019|10|07|15|30|4382900|86.160004|85.489998|85.849998|85.709999|specialtyeateries|0.1|0.5|0.7|24.6|2.18|346000|usa|-|-|17.700001|Jan 28 AMC|services|70.800003|89420
SBUX|98|NASDAQ|2019|10|04|15|30|5869000|85.970001|84.75|85.919998|84.900002|specialtyeateries|0.1|0.5|0.7|24.6|2.18|346000|usa|-|-|17.700001|Jan 28 AMC|services|70.800003|89420
SBUX|99|NASDAQ|2019|10|03|15|30|5989000|84.910004|83.610001|84.669998|84.300003|specialtyeateries|0.1|0.5|0.7|24.6|2.18|346000|usa|-|-|17.700001|Jan 28 AMC|services|70.800003|89420
SBUX|100|NASDAQ|2019|10|02|15|30|9858200|86.010002|84.160004|84.32|85.949997|specialtyeateries|0.1|0.5|0.7|24.6|2.18|346000|usa|-|-|17.700001|Jan 28 AMC|services|70.800003|89420
SBUX|101|NASDAQ|2019|10|01|15|30|6719400|88.889999|86.449997|86.510002|88.629997|specialtyeateries|0.1|0.5|0.7|24.6|2.18|346000|usa|-|-|17.700001|Jan 28 AMC|services|70.800003|89420
SBUX|102|NASDAQ|2019|09|30|15|30|6588300|88.559998|87.610001|88.419998|88.410004|specialtyeateries|0.1|0.5|0.7|24.6|2.18|346000|usa|-|-|17.700001|Jan 28 AMC|services|70.800003|89420
SBUX|103|NASDAQ|2019|09|27|15|30|5987700|90.300003|87.790001|88.370003|90.300003|specialtyeateries|0.1|0.5|0.7|24.6|2.18|346000|usa|-|-|17.700001|Jan 28 AMC|services|70.800003|89420
SBUX|104|NASDAQ|2019|09|26|15|30|5026400|91.150002|89.5|89.800003|90.839996|specialtyeateries|0.1|0.5|0.7|24.6|2.18|346000|usa|-|-|17.700001|Jan 28 AMC|services|70.800003|89420
SBUX|105|NASDAQ|2019|09|25|15|30|4764000|90.610001|89.019997|90.349998|89.940002|specialtyeateries|0.1|0.5|0.7|24.6|2.18|346000|usa|-|-|17.700001|Jan 28 AMC|services|70.800003|89420
SBUX|106|NASDAQ|2019|09|24|15|30|5662600|91.769997|89.510002|89.919998|91.599998|specialtyeateries|0.1|0.5|0.7|24.6|2.18|346000|usa|-|-|17.700001|Jan 28 AMC|services|70.800003|89420
SBUX|107|NASDAQ|2019|09|23|15|30|4532400|91.160004|89.93|90.809998|90.32|specialtyeateries|0.1|0.5|0.7|24.6|2.18|346000|usa|-|-|17.700001|Jan 28 AMC|services|70.800003|89420
SBUX|108|NASDAQ|2019|09|20|15|30|10913800|92.080002|90.059998|90.07|91.610001|specialtyeateries|0.1|0.5|0.7|24.6|2.18|346000|usa|-|-|17.700001|Jan 28 AMC|services|70.800003|89420
SBUX|109|NASDAQ|2019|09|19|15|30|4843600|92.099998|90.300003|91.559998|90.989998|specialtyeateries|0.1|0.5|0.7|24.6|2.18|346000|usa|-|-|17.700001|Jan 28 AMC|services|70.800003|89420
SBUX|110|NASDAQ|2019|09|18|15|30|4510700|91.360001|90.059998|90.959999|90.980003|specialtyeateries|0.1|0.5|0.7|24.6|2.18|346000|usa|-|-|17.700001|Jan 28 AMC|services|70.800003|89420
SBUX|111|NASDAQ|2019|09|17|15|30|6493200|91.459999|89.650002|90.75|89.669998|specialtyeateries|0.1|0.5|0.7|24.6|2.18|346000|usa|-|-|17.700001|Jan 28 AMC|services|70.800003|89420
SBUX|112|NASDAQ|2019|09|16|15|30|6339200|90.449997|89.379997|89.419998|90.019997|specialtyeateries|0.1|0.5|0.7|24.6|2.18|346000|usa|-|-|17.700001|Jan 28 AMC|services|70.800003|89420
SBUX|113|NASDAQ|2019|09|13|15|30|6972300|92.150002|90.32|90.480003|92.150002|specialtyeateries|0.1|0.5|0.7|24.6|2.18|346000|usa|-|-|17.700001|Jan 28 AMC|services|70.800003|89420
SBUX|114|NASDAQ|2019|09|12|15|30|6862200|93.32|91.769997|92.059998|92.160004|specialtyeateries|0.1|0.5|0.7|24.6|2.18|346000|usa|-|-|17.700001|Jan 28 AMC|services|70.800003|89420
SBUX|115|NASDAQ|2019|09|11|15|30|8406600|91.449997|89.610001|90.980003|90.18|specialtyeateries|0.1|0.5|0.7|24.6|2.18|346000|usa|-|-|17.700001|Jan 28 AMC|services|70.800003|89420
SBUX|116|NASDAQ|2019|09|10|15|30|12490900|93.879997|89.300003|90.349998|93.809998|specialtyeateries|0.1|0.5|0.7|24.6|2.18|346000|usa|-|-|17.700001|Jan 28 AMC|services|70.800003|89420
SBUX|117|NASDAQ|2019|09|09|15|30|6523300|95.93|93.739998|94.160004|95.800003|specialtyeateries|0.1|0.5|0.7|24.6|2.18|346000|usa|-|-|17.700001|Jan 28 AMC|services|70.800003|89420
SBUX|118|NASDAQ|2019|09|06|15|30|3991000|96.339996|95.510002|95.739998|95.75|specialtyeateries|0.1|0.5|0.7|24.6|2.18|346000|usa|-|-|17.700001|Jan 28 AMC|services|70.800003|89420
SBUX|119|NASDAQ|2019|09|05|15|30|5514400|96.959999|95.169998|95.559998|96.540001|specialtyeateries|0.1|0.5|0.7|24.6|2.18|346000|usa|-|-|17.700001|Jan 28 AMC|services|70.800003|89420
SBUX|120|NASDAQ|2019|09|04|15|30|12937000|96.330002|93.029999|96.110001|94.480003|specialtyeateries|0.1|0.5|0.7|24.6|2.18|346000|usa|-|-|17.700001|Jan 28 AMC|services|70.800003|89420
SBUX|121|NASDAQ|2019|09|03|15|30|5150700|97.209999|96.050003|96.769997|96.419998|specialtyeateries|0.1|0.5|0.7|24.6|2.18|346000|usa|-|-|17.700001|Jan 28 AMC|services|70.800003|89420
SBUX|122|NASDAQ|2019|08|30|15|30|5209500|98.139999|96.110001|96.559998|98.139999|specialtyeateries|0.1|0.5|0.7|24.6|2.18|346000|usa|-|-|17.700001|Jan 28 AMC|services|70.800003|89420
SBUX|123|NASDAQ|2019|08|29|15|30|4514300|98.07|97.059998|97.699997|97.849998|specialtyeateries|0.1|0.5|0.7|24.6|2.18|346000|usa|-|-|17.700001|Jan 28 AMC|services|70.800003|89420
SBUX|124|NASDAQ|2019|08|28|15|30|4948800|97.209999|96|97.07|96.230003|specialtyeateries|0.1|0.5|0.7|24.6|2.18|346000|usa|-|-|17.700001|Jan 28 AMC|services|70.800003|89420
SBUX|125|NASDAQ|2019|08|27|15|30|6539800|97.099998|96.029999|96.089996|96.699997|specialtyeateries|0.1|0.5|0.7|24.6|2.18|346000|usa|-|-|17.700001|Jan 28 AMC|services|70.800003|89420
SBUX|126|NASDAQ|2019|08|26|15|30|5802600|96.5|95|96.5|95.379997|specialtyeateries|0.1|0.5|0.7|24.6|2.18|346000|usa|-|-|17.700001|Jan 28 AMC|services|70.800003|89420
SBUX|127|NASDAQ|2019|08|23|15|30|8076600|97.099998|94.389999|94.699997|96.410004|specialtyeateries|0.1|0.5|0.7|24.6|2.18|346000|usa|-|-|17.700001|Jan 28 AMC|services|70.800003|89420
SBUX|128|NASDAQ|2019|08|22|15|30|5146200|96.849998|95.699997|96.489998|96.589996|specialtyeateries|0.1|0.5|0.7|24.6|2.18|346000|usa|-|-|17.700001|Jan 28 AMC|services|70.800003|89420
SBUX|129|NASDAQ|2019|08|21|15|30|4740500|96.650002|95.730003|96.32|96.269997|specialtyeateries|0.1|0.5|0.7|24.6|2.18|346000|usa|-|-|17.700001|Jan 28 AMC|services|70.800003|89420
SBUX|130|NASDAQ|2019|08|20|15|30|6809100|97.120003|95.589996|95.629997|96.349998|specialtyeateries|0.1|0.5|0.7|24.6|2.18|346000|usa|-|-|17.700001|Jan 28 AMC|services|70.800003|89420
SBUX|131|NASDAQ|2019|08|19|15|30|5324900|97.410004|96.220001|96.660004|97.230003|specialtyeateries|0.1|0.5|0.7|24.6|2.18|346000|usa|-|-|17.700001|Jan 28 AMC|services|70.800003|89420
SBUX|132|NASDAQ|2019|08|16|15|30|4852200|96.830002|95.849998|96.519997|96.290001|specialtyeateries|0.1|0.5|0.7|24.6|2.18|346000|usa|-|-|17.700001|Jan 28 AMC|services|70.800003|89420
SBUX|133|NASDAQ|2019|08|15|15|30|5559400|96.269997|94.610001|95.529999|95.5|specialtyeateries|0.1|0.5|0.7|24.6|2.18|346000|usa|-|-|17.700001|Jan 28 AMC|services|70.800003|89420
SBUX|134|NASDAQ|2019|08|14|15|30|9989500|97.019997|94.870003|94.919998|95.910004|specialtyeateries|0.1|0.5|0.7|24.6|2.18|346000|usa|-|-|17.700001|Jan 28 AMC|services|70.800003|89420
SBUX|135|NASDAQ|2019|08|13|15|30|8915600|96.669998|94.209999|96.629997|94.519997|specialtyeateries|0.1|0.5|0.7|24.6|2.18|346000|usa|-|-|17.700001|Jan 28 AMC|services|70.800003|89420
SBUX|136|NASDAQ|2019|08|12|15|30|5513800|96.019997|94.300003|94.910004|95.779999|specialtyeateries|0.1|0.5|0.7|24.6|2.18|346000|usa|-|-|17.700001|Jan 28 AMC|services|70.800003|89420
SBUX|137|NASDAQ|2019|08|09|15|30|5209200|96.839996|95.419998|96.300003|96.150002|specialtyeateries|0.1|0.5|0.7|24.6|2.18|346000|usa|-|-|17.700001|Jan 28 AMC|services|70.800003|89420
SBUX|138|NASDAQ|2019|08|08|15|30|7423600|96.410004|94.440002|96.269997|95.230003|specialtyeateries|0.1|0.5|0.7|24.6|2.18|346000|usa|-|-|17.700001|Jan 28 AMC|services|70.800003|89420
SBUX|139|NASDAQ|2019|08|07|15|30|6414000|95.699997|94.169998|95.220001|94.599998|specialtyeateries|0.1|0.5|0.7|24.6|2.18|346000|usa|-|-|17.700001|Jan 28 AMC|services|70.800003|89420
SBUX|140|NASDAQ|2019|08|06|15|30|7438000|95.709999|93.800003|95.339996|94.309998|specialtyeateries|0.1|0.5|0.7|24.6|2.18|346000|usa|-|-|17.700001|Jan 28 AMC|services|70.800003|89420
SBUX|141|NASDAQ|2019|08|05|15|30|8917400|95.519997|93.029999|93.699997|94.510002|specialtyeateries|0.1|0.5|0.7|24.6|2.18|346000|usa|-|-|17.700001|Jan 28 AMC|services|70.800003|89420
SBUX|142|NASDAQ|2019|08|02|15|30|6381700|96.040001|94.800003|95.510002|95|specialtyeateries|0.1|0.5|0.7|24.6|2.18|346000|usa|-|-|17.700001|Jan 28 AMC|services|70.800003|89420
SBUX|143|NASDAQ|2019|08|01|15|30|8342300|97.580002|94.580002|95.379997|95|specialtyeateries|0.1|0.5|0.7|24.6|2.18|346000|usa|-|-|17.700001|Jan 28 AMC|services|70.800003|89420
SBUX|144|NASDAQ|2019|07|31|15|30|9912100|96.650002|93.5|94.690002|96.650002|specialtyeateries|0.1|0.5|0.7|24.6|2.18|346000|usa|-|-|17.700001|Jan 28 AMC|services|70.800003|89420
SBUX|145|NASDAQ|2019|07|30|15|30|7248300|98.279999|96.519997|96.650002|97.5|specialtyeateries|0.1|0.5|0.7|24.6|2.18|346000|usa|-|-|17.700001|Jan 28 AMC|services|70.800003|89420
SBUX|146|NASDAQ|2019|07|29|15|30|11184500|98.940002|97.209999|98.019997|98.050003|specialtyeateries|0.1|0.5|0.7|24.6|2.18|346000|usa|-|-|17.700001|Jan 28 AMC|services|70.800003|89420
SBUX|147|NASDAQ|2019|07|26|15|30|20846500|99.720001|95.209999|99.110001|96.400002|specialtyeateries|0.1|0.5|0.7|24.6|2.18|346000|usa|-|-|17.700001|Jan 28 AMC|services|70.800003|89420
SBUX|148|NASDAQ|2019|07|25|15|30|8106300|91.550003|90.470001|90.980003|91.489998|specialtyeateries|0.1|0.5|0.7|24.6|2.18|346000|usa|-|-|17.700001|Jan 28 AMC|services|70.800003|89420
SBUX|149|NASDAQ|2019|07|24|15|30|5388100|90.75|89.68|90.650002|89.900002|specialtyeateries|0.1|0.5|0.7|24.6|2.18|346000|usa|-|-|17.700001|Jan 28 AMC|services|70.800003|89420
SBUX|150|NASDAQ|2019|07|23|15|30|7609200|91.360001|89.169998|90.110001|91.25|specialtyeateries|0.1|0.5|0.7|24.6|2.18|346000|usa|-|-|17.700001|Jan 28 AMC|services|70.800003|89420
SBUX|151|NASDAQ|2019|07|22|15|30|5636600|91.18|90.050003|90.919998|90.519997|specialtyeateries|0.1|0.5|0.7|24.6|2.18|346000|usa|-|-|17.700001|Jan 28 AMC|services|70.800003|89420
SBUX|152|NASDAQ|2019|07|19|15|30|10804800|91.610001|90.230003|90.300003|91.410004|specialtyeateries|0.1|0.5|0.7|24.6|2.18|346000|usa|-|-|17.700001|Jan 28 AMC|services|70.800003|89420
SBUX|153|NASDAQ|2019|07|18|15|30|6471400|91.540001|89.949997|91.5|90.330002|specialtyeateries|0.1|0.5|0.7|24.6|2.18|346000|usa|-|-|17.700001|Jan 28 AMC|services|70.800003|89420
SBUX|154|NASDAQ|2019|07|17|15|30|4635900|90.379997|89.730003|90.25|90.080002|specialtyeateries|0.1|0.5|0.7|24.6|2.18|346000|usa|-|-|17.700001|Jan 28 AMC|services|70.800003|89420
SBUX|155|NASDAQ|2019|07|16|15|30|5591900|90.480003|89.589996|90.080002|90.220001|specialtyeateries|0.1|0.5|0.7|24.6|2.18|346000|usa|-|-|17.700001|Jan 28 AMC|services|70.800003|89420
SBUX|156|NASDAQ|2019|07|15|15|30|6061300|90.339996|89.660004|90.160004|89.870003|specialtyeateries|0.1|0.5|0.7|24.6|2.18|346000|usa|-|-|17.700001|Jan 28 AMC|services|70.800003|89420
SBUX|157|NASDAQ|2019|07|12|15|30|5628000|89.82|88.849998|89.769997|89.279999|specialtyeateries|0.1|0.5|0.7|24.6|2.18|346000|usa|-|-|17.700001|Jan 28 AMC|services|70.800003|89420
SBUX|158|NASDAQ|2019|07|11|15|30|6191400|89.290001|88.269997|89.07|88.660004|specialtyeateries|0.1|0.5|0.7|24.6|2.18|346000|usa|-|-|17.700001|Jan 28 AMC|services|70.800003|89420
SBUX|159|NASDAQ|2019|07|10|15|30|5293000|88.540001|87.419998|88.379997|87.419998|specialtyeateries|0.1|0.5|0.7|24.6|2.18|346000|usa|-|-|17.700001|Jan 28 AMC|services|70.800003|89420
SBUX|160|NASDAQ|2019|07|09|15|30|5355400|87.650002|86.889999|87.230003|87.290001|specialtyeateries|0.1|0.5|0.7|24.6|2.18|346000|usa|-|-|17.700001|Jan 28 AMC|services|70.800003|89420
SBUX|161|NASDAQ|2019|07|08|15|30|6359500|87.949997|87.18|87.440002|87.599998|specialtyeateries|0.1|0.5|0.7|24.6|2.18|346000|usa|-|-|17.700001|Jan 28 AMC|services|70.800003|89420
SBUX|162|NASDAQ|2019|07|05|15|30|5733100|87.889999|86.879997|87.790001|87.5|specialtyeateries|0.1|0.5|0.7|24.6|2.18|346000|usa|-|-|17.700001|Jan 28 AMC|services|70.800003|89420
SBUX|163|NASDAQ|2019|07|03|15|30|7818600|87.82|85.980003|87.790001|86.040001|specialtyeateries|0.1|0.5|0.7|24.6|2.18|346000|usa|-|-|17.700001|Jan 28 AMC|services|70.800003|89420
SBUX|164|NASDAQ|2019|07|02|15|30|6205800|85.589996|84.519997|85.510002|84.739998|specialtyeateries|0.1|0.5|0.7|24.6|2.18|346000|usa|-|-|17.700001|Jan 28 AMC|services|70.800003|89420
SBUX|165|NASDAQ|2019|07|01|15|30|7935100|84.959999|84.029999|84.550003|84.620003|specialtyeateries|0.1|0.5|0.7|24.6|2.18|346000|usa|-|-|17.700001|Jan 28 AMC|services|70.800003|89420
SBUX|166|NASDAQ|2019|06|28|15|30|6735300|83.959999|83.32|83.830002|83.559998|specialtyeateries|0.1|0.5|0.7|24.6|2.18|346000|usa|-|-|17.700001|Jan 28 AMC|services|70.800003|89420
SBUX|167|NASDAQ|2019|06|27|15|30|6084200|83.889999|83.209999|83.559998|83.550003|specialtyeateries|0.1|0.5|0.7|24.6|2.18|346000|usa|-|-|17.700001|Jan 28 AMC|services|70.800003|89420
SBUX|168|NASDAQ|2019|06|26|15|30|7576400|84.300003|83.18|83.379997|84.300003|specialtyeateries|0.1|0.5|0.7|24.6|2.18|346000|usa|-|-|17.700001|Jan 28 AMC|services|70.800003|89420
SBUX|169|NASDAQ|2019|06|25|15|30|7312300|85.199997|83.959999|84.25|84.199997|specialtyeateries|0.1|0.5|0.7|24.6|2.18|346000|usa|-|-|17.700001|Jan 28 AMC|services|70.800003|89420
SBUX|170|NASDAQ|2019|06|24|15|30|6692500|84.559998|83.610001|83.650002|84.080002|specialtyeateries|0.1|0.5|0.7|24.6|2.18|346000|usa|-|-|17.700001|Jan 28 AMC|services|70.800003|89420
SBUX|171|NASDAQ|2019|06|21|15|30|12610000|84.769997|83.809998|83.82|84.43|specialtyeateries|0.1|0.5|0.7|24.6|2.18|346000|usa|-|-|17.700001|Jan 28 AMC|services|70.800003|89420
SBUX|172|NASDAQ|2019|06|20|15|30|5215800|84.830002|83.830002|84.690002|84.410004|specialtyeateries|0.1|0.5|0.7|24.6|2.18|346000|usa|-|-|17.700001|Jan 28 AMC|services|70.800003|89420
SBUX|173|NASDAQ|2019|06|19|15|30|5401400|83.919998|82.080002|83.809998|83.080002|specialtyeateries|0.1|0.5|0.7|24.6|2.18|346000|usa|-|-|17.700001|Jan 28 AMC|services|70.800003|89420
SBUX|174|NASDAQ|2019|06|18|15|30|10582600|84.110001|82.889999|82.919998|83.550003|specialtyeateries|0.1|0.5|0.7|24.6|2.18|346000|usa|-|-|17.700001|Jan 28 AMC|services|70.800003|89420
SBUX|175|NASDAQ|2019|06|17|15|30|9313700|84.690002|82.889999|83.019997|84.650002|specialtyeateries|0.1|0.5|0.7|24.6|2.18|346000|usa|-|-|17.700001|Jan 28 AMC|services|70.800003|89420
SBUX|176|NASDAQ|2019|06|14|15|30|9226500|84.610001|83.389999|84.239998|83.540001|specialtyeateries|0.1|0.5|0.7|24.6|2.18|346000|usa|-|-|17.700001|Jan 28 AMC|services|70.800003|89420
SBUX|177|NASDAQ|2019|06|13|15|30|7156800|84.050003|83.019997|83.349998|83.330002|specialtyeateries|0.1|0.5|0.7|24.6|2.18|346000|usa|-|-|17.700001|Jan 28 AMC|services|70.800003|89420
SBUX|178|NASDAQ|2019|06|12|15|30|6088800|83.669998|82.32|82.93|82.589996|specialtyeateries|0.1|0.5|0.7|24.6|2.18|346000|usa|-|-|17.700001|Jan 28 AMC|services|70.800003|89420
SBUX|179|NASDAQ|2019|06|11|15|30|6226400|82.860001|81.849998|82.370003|82.300003|specialtyeateries|0.1|0.5|0.7|24.6|2.18|346000|usa|-|-|17.700001|Jan 28 AMC|services|70.800003|89420
SBUX|180|NASDAQ|2019|06|10|15|30|8102800|82.860001|81.379997|81.93|82.849998|specialtyeateries|0.1|0.5|0.7|24.6|2.18|346000|usa|-|-|17.700001|Jan 28 AMC|services|70.800003|89420
SBUX|181|NASDAQ|2019|06|07|15|30|11278800|83.330002|81.510002|82.480003|81.599998|specialtyeateries|0.1|0.5|0.7|24.6|2.18|346000|usa|-|-|17.700001|Jan 28 AMC|services|70.800003|89420
SBUX|182|NASDAQ|2019|06|06|15|30|10457200|81.629997|79.900002|81.400002|80.029999|specialtyeateries|0.1|0.5|0.7|24.6|2.18|346000|usa|-|-|17.700001|Jan 28 AMC|services|70.800003|89420
SBUX|183|NASDAQ|2019|06|05|15|30|7437100|79.970001|78.660004|79.959999|78.790001|specialtyeateries|0.1|0.5|0.7|24.6|2.18|346000|usa|-|-|17.700001|Jan 28 AMC|services|70.800003|89420
SBUX|184|NASDAQ|2019|06|04|15|30|11685000|78.760002|76.660004|78.519997|76.769997|specialtyeateries|0.1|0.5|0.7|24.6|2.18|346000|usa|-|-|17.700001|Jan 28 AMC|services|70.800003|89420
SBUX|185|NASDAQ|2019|06|03|15|30|8122200|76.529999|75.650002|76.220001|76.120003|specialtyeateries|0.1|0.5|0.7|24.6|2.18|346000|usa|-|-|17.700001|Jan 28 AMC|services|70.800003|89420
SBUX|186|NASDAQ|2019|05|31|15|30|7625700|76.32|75.379997|76.059998|75.599998|specialtyeateries|0.1|0.5|0.7|24.6|2.18|346000|usa|-|-|17.700001|Jan 28 AMC|services|70.800003|89420
SBUX|187|NASDAQ|2019|05|30|15|30|7178400|76.43|75.629997|76.169998|75.650002|specialtyeateries|0.1|0.5|0.7|24.6|2.18|346000|usa|-|-|17.700001|Jan 28 AMC|services|70.800003|89420
SBUX|188|NASDAQ|2019|05|29|15|30|10511600|75.489998|74.330002|75.279999|75.330002|specialtyeateries|0.1|0.5|0.7|24.6|2.18|346000|usa|-|-|17.700001|Jan 28 AMC|services|70.800003|89420
SBUX|189|NASDAQ|2019|05|28|15|30|16205200|76.68|75.32|75.699997|76.360001|specialtyeateries|0.1|0.5|0.7|24.6|2.18|346000|usa|-|-|17.700001|Jan 28 AMC|services|70.800003|89420
SBUX|190|NASDAQ|2019|05|24|15|30|5627600|77.059998|75.970001|76.150002|76.830002|specialtyeateries|0.1|0.5|0.7|24.6|2.18|346000|usa|-|-|17.700001|Jan 28 AMC|services|70.800003|89420
SBUX|191|NASDAQ|2019|05|23|15|30|9213200|76.940002|75.690002|76.410004|76.879997|specialtyeateries|0.1|0.5|0.7|24.6|2.18|346000|usa|-|-|17.700001|Jan 28 AMC|services|70.800003|89420
SBUX|192|NASDAQ|2019|05|22|15|30|5602300|77.720001|76.910004|77.25|77.199997|specialtyeateries|0.1|0.5|0.7|24.6|2.18|346000|usa|-|-|17.700001|Jan 28 AMC|services|70.800003|89420
SBUX|193|NASDAQ|2019|05|21|15|30|5808500|77.849998|76.75|77.529999|77.050003|specialtyeateries|0.1|0.5|0.7|24.6|2.18|346000|usa|-|-|17.700001|Jan 28 AMC|services|70.800003|89420
SBUX|194|NASDAQ|2019|05|20|15|30|11475000|78.419998|76.57|76.660004|78.300003|specialtyeateries|0.1|0.5|0.7|24.6|2.18|346000|usa|-|-|17.700001|Jan 28 AMC|services|70.800003|89420
SBUX|195|NASDAQ|2019|05|17|15|30|7379900|79.650002|78.370003|78.910004|78.519997|specialtyeateries|0.1|0.5|0.7|24.6|2.18|346000|usa|-|-|17.700001|Jan 28 AMC|services|70.800003|89420
SBUX|196|NASDAQ|2019|05|16|15|30|6941800|79.239998|77.57|78.900002|77.660004|specialtyeateries|0.1|0.5|0.7|24.6|2.18|346000|usa|-|-|17.700001|Jan 28 AMC|services|70.800003|89420
SBUX|197|NASDAQ|2019|05|15|15|30|5415500|77.940002|76.529999|77.760002|76.690002|specialtyeateries|0.1|0.5|0.7|24.6|2.18|346000|usa|-|-|17.700001|Jan 28 AMC|services|70.800003|89420
SBUX|198|NASDAQ|2019|05|14|15|30|6870900|77.739998|76.68|77.059998|76.75|specialtyeateries|0.1|0.5|0.7|24.6|2.18|346000|usa|-|-|17.700001|Jan 28 AMC|services|70.800003|89420
SBUX|199|NASDAQ|2019|05|13|15|30|9778500|77.779999|76.080002|76.68|77.25|specialtyeateries|0.1|0.5|0.7|24.6|2.18|346000|usa|-|-|17.700001|Jan 28 AMC|services|70.800003|89420
SBUX|200|NASDAQ|2019|05|10|15|30|6448600|78.800003|77.160004|78.419998|77.629997|specialtyeateries|0.1|0.5|0.7|24.6|2.18|346000|usa|-|-|17.700001|Jan 28 AMC|services|70.800003|89420
SBUX|201|NASDAQ|2019|05|09|15|30|7326600|78.230003|77.349998|77.900002|77.580002|specialtyeateries|0.1|0.5|0.7|24.6|2.18|346000|usa|-|-|17.700001|Jan 28 AMC|services|70.800003|89420
SBUX|202|NASDAQ|2019|05|08|15|30|7799900|78.639999|77.120003|78.050003|77.580002|specialtyeateries|0.1|0.5|0.7|24.6|2.18|346000|usa|-|-|17.700001|Jan 28 AMC|services|70.800003|89420
SBUX|203|NASDAQ|2019|05|07|15|30|8115800|78.739998|77.419998|77.959999|77.57|specialtyeateries|0.1|0.5|0.7|24.6|2.18|346000|usa|-|-|17.700001|Jan 28 AMC|services|70.800003|89420
SBUX|204|NASDAQ|2019|05|06|15|30|5607500|78.080002|77.019997|78.059998|77.199997|specialtyeateries|0.1|0.5|0.7|24.6|2.18|346000|usa|-|-|17.700001|Jan 28 AMC|services|70.800003|89420
SBUX|205|NASDAQ|2019|05|03|15|30|4967900|78.400002|77.339996|78.050003|77.589996|specialtyeateries|0.1|0.5|0.7|24.6|2.18|346000|usa|-|-|17.700001|Jan 28 AMC|services|70.800003|89420
SBUX|206|NASDAQ|2019|05|02|15|30|6247500|77.760002|76.75|77.470001|77.660004|specialtyeateries|0.1|0.5|0.7|24.6|2.18|346000|usa|-|-|17.700001|Jan 28 AMC|services|70.800003|89420
SBUX|207|NASDAQ|2019|05|01|15|30|6678000|78.150002|77.370003|77.519997|77.669998|specialtyeateries|0.1|0.5|0.7|24.6|2.18|346000|usa|-|-|17.700001|Jan 28 AMC|services|70.800003|89420
SBUX|208|NASDAQ|2019|04|30|15|30|7384400|77.790001|76.690002|77.68|77|specialtyeateries|0.1|0.5|0.7|24.6|2.18|346000|usa|-|-|17.700001|Jan 28 AMC|services|70.800003|89420
SBUX|209|NASDAQ|2019|04|29|15|30|5426800|77.669998|76.589996|76.910004|77.300003|specialtyeateries|0.1|0.5|0.7|24.6|2.18|346000|usa|-|-|17.700001|Jan 28 AMC|services|70.800003|89420
SBUX|210|NASDAQ|2019|04|26|15|30|12550500|77.519997|75.059998|77.449997|76.949997|specialtyeateries|0.1|0.5|0.7|24.6|2.18|346000|usa|-|-|17.700001|Jan 28 AMC|services|70.800003|89420
SBUX|211|NASDAQ|2019|04|25|15|30|11084500|77.230003|75.949997|77.110001|76.110001|specialtyeateries|0.1|0.5|0.7|24.6|2.18|346000|usa|-|-|17.700001|Jan 28 AMC|services|70.800003|89420
SBUX|212|NASDAQ|2019|04|24|15|30|9347300|76.879997|75.910004|76.389999|76.050003|specialtyeateries|0.1|0.5|0.7|24.6|2.18|346000|usa|-|-|17.700001|Jan 28 AMC|services|70.800003|89420
SBUX|213|NASDAQ|2019|04|23|15|30|5273900|76.059998|75.410004|75.989998|75.480003|specialtyeateries|0.1|0.5|0.7|24.6|2.18|346000|usa|-|-|17.700001|Jan 28 AMC|services|70.800003|89420
SBUX|214|NASDAQ|2019|04|22|15|30|4883100|76.059998|75.209999|75.400002|75.709999|specialtyeateries|0.1|0.5|0.7|24.6|2.18|346000|usa|-|-|17.700001|Jan 28 AMC|services|70.800003|89420
SBUX|215|NASDAQ|2019|04|18|15|30|6607800|76.260002|75.209999|76.059998|75.480003|specialtyeateries|0.1|0.5|0.7|24.6|2.18|346000|usa|-|-|17.700001|Jan 28 AMC|services|70.800003|89420
SBUX|216|NASDAQ|2019|04|17|15|30|9439000|75.959999|74.800003|75.120003|75.610001|specialtyeateries|0.1|0.5|0.7|24.6|2.18|346000|usa|-|-|17.700001|Jan 28 AMC|services|70.800003|89420
SBUX|217|NASDAQ|2019|04|16|15|30|8336600|76.559998|75.360001|75.699997|76.480003|specialtyeateries|0.1|0.5|0.7|24.6|2.18|346000|usa|-|-|17.700001|Jan 28 AMC|services|70.800003|89420
SBUX|218|NASDAQ|2019|04|15|15|30|7632200|76.699997|76.080002|76.160004|76.669998|specialtyeateries|0.1|0.5|0.7|24.6|2.18|346000|usa|-|-|17.700001|Jan 28 AMC|services|70.800003|89420
SBUX|219|NASDAQ|2019|04|12|15|30|5194800|76.949997|76.07|76.650002|76.099998|specialtyeateries|0.1|0.5|0.7|24.6|2.18|346000|usa|-|-|17.700001|Jan 28 AMC|services|70.800003|89420
SBUX|220|NASDAQ|2019|04|11|15|30|6042600|76.07|75.650002|75.870003|75.75|specialtyeateries|0.1|0.5|0.7|24.6|2.18|346000|usa|-|-|17.700001|Jan 28 AMC|services|70.800003|89420
SBUX|221|NASDAQ|2019|04|10|15|30|6066300|75.82|75.209999|75.480003|75.209999|specialtyeateries|0.1|0.5|0.7|24.6|2.18|346000|usa|-|-|17.700001|Jan 28 AMC|services|70.800003|89420
SBUX|222|NASDAQ|2019|04|09|15|30|4905800|75.230003|74.800003|75.120003|74.870003|specialtyeateries|0.1|0.5|0.7|24.6|2.18|346000|usa|-|-|17.700001|Jan 28 AMC|services|70.800003|89420
SBUX|223|NASDAQ|2019|04|08|15|30|5140400|75.300003|74.470001|75.199997|74.470001|specialtyeateries|0.1|0.5|0.7|24.6|2.18|346000|usa|-|-|17.700001|Jan 28 AMC|services|70.800003|89420
SBUX|224|NASDAQ|2019|04|05|15|30|5346200|75.080002|74.349998|75.029999|74.349998|specialtyeateries|0.1|0.5|0.7|24.6|2.18|346000|usa|-|-|17.700001|Jan 28 AMC|services|70.800003|89420
SBUX|225|NASDAQ|2019|04|04|15|30|5449800|74.669998|73.980003|74.349998|74.5|specialtyeateries|0.1|0.5|0.7|24.6|2.18|346000|usa|-|-|17.700001|Jan 28 AMC|services|70.800003|89420
SBUX|226|NASDAQ|2019|04|03|15|30|6755600|74.779999|73.870003|74.330002|74.559998|specialtyeateries|0.1|0.5|0.7|24.6|2.18|346000|usa|-|-|17.700001|Jan 28 AMC|services|70.800003|89420
SBUX|227|NASDAQ|2019|04|02|15|30|5520900|74.449997|73.839996|74.269997|74.010002|specialtyeateries|0.1|0.5|0.7|24.6|2.18|346000|usa|-|-|17.700001|Jan 28 AMC|services|70.800003|89420
SBUX|228|NASDAQ|2019|04|01|15|30|8108400|74.93|73.730003|73.959999|74.760002|specialtyeateries|0.1|0.5|0.7|24.6|2.18|346000|usa|-|-|17.700001|Jan 28 AMC|services|70.800003|89420
SBUX|229|NASDAQ|2019|03|29|14|30|9099500|74.480003|73.529999|74.339996|74.010002|specialtyeateries|0.1|0.5|0.7|24.6|2.18|346000|usa|-|-|17.700001|Jan 28 AMC|services|70.800003|89420
SBUX|230|NASDAQ|2019|03|28|14|30|6709600|73.980003|72.889999|73.959999|72.970001|specialtyeateries|0.1|0.5|0.7|24.6|2.18|346000|usa|-|-|17.700001|Jan 28 AMC|services|70.800003|89420
SBUX|231|NASDAQ|2019|03|27|14|30|7662700|73.260002|72.620003|72.739998|72.940002|specialtyeateries|0.1|0.5|0.7|24.6|2.18|346000|usa|-|-|17.700001|Jan 28 AMC|services|70.800003|89420
SBUX|232|NASDAQ|2019|03|26|14|30|7624000|73.190002|72.330002|72.959999|72.720001|specialtyeateries|0.1|0.5|0.7|24.6|2.18|346000|usa|-|-|17.700001|Jan 28 AMC|services|70.800003|89420
SBUX|233|NASDAQ|2019|03|25|14|30|6453800|72.480003|71.730003|72.300003|72|specialtyeateries|0.1|0.5|0.7|24.6|2.18|346000|usa|-|-|17.700001|Jan 28 AMC|services|70.800003|89420
SBUX|234|NASDAQ|2019|03|22|14|30|8022800|72.410004|71.690002|71.959999|72.050003|specialtyeateries|0.1|0.5|0.7|24.6|2.18|346000|usa|-|-|17.700001|Jan 28 AMC|services|70.800003|89420
SBUX|235|NASDAQ|2019|03|21|14|30|8044400|72.440002|71.32|72.260002|71.32|specialtyeateries|0.1|0.5|0.7|24.6|2.18|346000|usa|-|-|17.700001|Jan 28 AMC|services|70.800003|89420
SBUX|236|NASDAQ|2019|03|20|14|30|9512400|72.400002|71.339996|71.629997|71.800003|specialtyeateries|0.1|0.5|0.7|24.6|2.18|346000|usa|-|-|17.700001|Jan 28 AMC|services|70.800003|89420
SBUX|237|NASDAQ|2019|03|19|14|30|7810700|71.699997|70.870003|71.379997|70.949997|specialtyeateries|0.1|0.5|0.7|24.6|2.18|346000|usa|-|-|17.700001|Jan 28 AMC|services|70.800003|89420
SBUX|238|NASDAQ|2019|03|18|14|30|5682400|71.120003|70.440002|70.839996|70.779999|specialtyeateries|0.1|0.5|0.7|24.6|2.18|346000|usa|-|-|17.700001|Jan 28 AMC|services|70.800003|89420
SBUX|239|NASDAQ|2019|03|15|14|30|13096900|71.209999|70.540001|70.669998|70.800003|specialtyeateries|0.1|0.5|0.7|24.6|2.18|346000|usa|-|-|17.700001|Jan 28 AMC|services|70.800003|89420
SBUX|240|NASDAQ|2019|03|14|14|30|9249200|70.889999|70.190002|70.739998|70.190002|specialtyeateries|0.1|0.5|0.7|24.6|2.18|346000|usa|-|-|17.700001|Jan 28 AMC|services|70.800003|89420
SBUX|241|NASDAQ|2019|03|13|14|30|13798600|70.900002|69.980003|70.099998|70.089996|specialtyeateries|0.1|0.5|0.7|24.6|2.18|346000|usa|-|-|17.700001|Jan 28 AMC|services|70.800003|89420
SBUX|242|NASDAQ|2019|03|12|14|30|12751700|70.580002|69.690002|70.050003|69.739998|specialtyeateries|0.1|0.5|0.7|24.6|2.18|346000|usa|-|-|17.700001|Jan 28 AMC|services|70.800003|89420
SBUX|243|NASDAQ|2019|03|11|14|30|11518300|70.010002|69.139999|69.68|69.379997|specialtyeateries|0.1|0.5|0.7|24.6|2.18|346000|usa|-|-|17.700001|Jan 28 AMC|services|70.800003|89420
